k = 16
80 0
0 80
161 1
1 161
82 2
2 82
163 3
3 163
84 4
4 84
165 5
5 165
86 6
6 86
167 7
7 167
88 8
8 88
169 9
9 169
90 10
10 90
171 11
11 171
92 12
12 92
173 13
13 173
94 14
14 94
175 15
15 175
96 16
16 96
177 17
17 177
98 18
18 98
179 19
19 179
100 20
20 100
181 21
21 181
102 22
22 102
183 23
23 183
104 24
24 104
185 25
25 185
106 26
26 106
187 27
27 187
108 28
28 108
189 29
29 189
110 30
30 110
191 31
31 191
112 32
32 112
193 33
33 193
114 34
34 114
195 35
35 195
116 36
36 116
197 37
37 197
118 38
38 118
199 39
39 199
120 40
40 120
201 41
41 201
122 42
42 122
203 43
43 203
124 44
44 124
205 45
45 205
126 46
46 126
207 47
47 207
128 48
48 128
209 49
49 209
130 50
50 130
211 51
51 211
132 52
52 132
213 53
53 213
134 54
54 134
215 55
55 215
136 56
56 136
217 57
57 217
138 58
58 138
219 59
59 219
140 60
60 140
221 61
61 221
142 62
62 142
223 63
63 223
162 81
81 162
164 83
83 164
166 85
85 166
168 87
87 168
170 89
89 170
172 91
91 172
174 93
93 174
176 95
95 176
178 97
97 178
180 99
99 180
182 101
101 182
184 103
103 184
186 105
105 186
188 107
107 188
190 109
109 190
192 111
111 192
194 113
113 194
196 115
115 196
198 117
117 198
200 119
119 200
202 121
121 202
204 123
123 204
206 125
125 206
208 127
127 208
210 129
129 210
212 131
131 212
214 133
133 214
216 135
135 216
218 137
137 218
220 139
139 220
222 141
141 222
240 160
160 240
321 241
241 321
402 242
242 402
323 243
243 323
404 244
244 404
325 245
245 325
406 246
246 406
327 247
247 327
408 248
248 408
329 249
249 329
410 250
250 410
331 251
251 331
412 252
252 412
333 253
253 333
414 254
254 414
335 255
255 335
416 256
256 416
337 257
257 337
418 258
258 418
339 259
259 339
420 260
260 420
341 261
261 341
422 262
262 422
343 263
263 343
424 264
264 424
345 265
265 345
426 266
266 426
347 267
267 347
428 268
268 428
349 269
269 349
430 270
270 430
351 271
271 351
432 272
272 432
353 273
273 353
434 274
274 434
355 275
275 355
436 276
276 436
357 277
277 357
438 278
278 438
359 279
279 359
440 280
280 440
361 281
281 361
442 282
282 442
363 283
283 363
444 284
284 444
365 285
285 365
446 286
286 446
367 287
287 367
448 288
288 448
369 289
289 369
450 290
290 450
371 291
291 371
452 292
292 452
373 293
293 373
454 294
294 454
375 295
295 375
456 296
296 456
377 297
297 377
458 298
298 458
379 299
299 379
460 300
300 460
381 301
301 381
462 302
302 462
383 303
303 383
400 320
320 400
403 322
322 403
405 324
324 405
407 326
326 407
409 328
328 409
411 330
330 411
413 332
332 413
415 334
334 415
417 336
336 417
419 338
338 419
421 340
340 421
423 342
342 423
425 344
344 425
427 346
346 427
429 348
348 429
431 350
350 431
433 352
352 433
435 354
354 435
437 356
356 437
439 358
358 439
441 360
360 441
443 362
362 443
445 364
364 445
447 366
366 447
449 368
368 449
451 370
370 451
453 372
372 453
455 374
374 455
457 376
376 457
459 378
378 459
461 380
380 461
463 382
382 463
481 401
401 481
560 480
480 560
562 482
482 562
643 483
483 643
564 484
484 564
645 485
485 645
566 486
486 566
647 487
487 647
568 488
488 568
649 489
489 649
570 490
490 570
651 491
491 651
572 492
492 572
653 493
493 653
574 494
494 574
655 495
495 655
576 496
496 576
657 497
497 657
578 498
498 578
659 499
499 659
580 500
500 580
661 501
501 661
582 502
502 582
663 503
503 663
584 504
504 584
665 505
505 665
586 506
506 586
667 507
507 667
588 508
508 588
669 509
509 669
590 510
510 590
671 511
511 671
592 512
512 592
753 513
513 753
594 514
514 594
755 515
515 755
596 516
516 596
757 517
517 757
598 518
518 598
759 519
519 759
600 520
520 600
761 521
521 761
602 522
522 602
763 523
523 763
604 524
524 604
765 525
525 765
606 526
526 606
767 527
527 767
608 528
528 608
769 529
529 769
610 530
530 610
771 531
531 771
612 532
532 612
773 533
533 773
614 534
534 614
775 535
535 775
616 536
536 616
777 537
537 777
618 538
538 618
779 539
539 779
620 540
540 620
781 541
541 781
622 542
542 622
783 543
543 783
641 561
561 641
644 563
563 644
646 565
565 646
648 567
567 648
650 569
569 650
652 571
571 652
654 573
573 654
656 575
575 656
658 577
577 658
660 579
579 660
662 581
581 662
664 583
583 664
666 585
585 666
668 587
587 668
670 589
589 670
672 591
591 672
673 593
593 673
675 595
595 675
677 597
597 677
679 599
599 679
681 601
601 681
683 603
603 683
685 605
605 685
687 607
607 687
689 609
609 689
691 611
611 691
693 613
613 693
695 615
615 695
697 617
617 697
699 619
619 699
701 621
621 701
703 623
623 703
720 640
640 720
722 642
642 722
754 674
674 754
756 676
676 756
758 678
678 758
760 680
680 760
762 682
682 762
764 684
684 764
766 686
686 766
768 688
688 768
770 690
690 770
772 692
692 772
774 694
694 774
776 696
696 776
778 698
698 778
780 700
700 780
782 702
702 782
801 721
721 801
803 723
723 803
964 724
724 964
805 725
725 805
966 726
726 966
807 727
727 807
968 728
728 968
809 729
729 809
970 730
730 970
811 731
731 811
972 732
732 972
813 733
733 813
974 734
734 974
815 735
735 815
976 736
736 976
817 737
737 817
978 738
738 978
819 739
739 819
980 740
740 980
821 741
741 821
982 742
742 982
823 743
743 823
984 744
744 984
825 745
745 825
986 746
746 986
827 747
747 827
988 748
748 988
829 749
749 829
990 750
750 990
831 751
751 831
992 752
752 992
880 800
800 880
882 802
802 882
884 804
804 884
886 806
806 886
888 808
808 888
890 810
810 890
892 812
812 892
894 814
814 894
896 816
816 896
898 818
818 898
900 820
820 900
902 822
822 902
904 824
824 904
906 826
826 906
908 828
828 908
910 830
830 910
912 832
832 912
993 833
833 993
914 834
834 914
995 835
835 995
916 836
836 916
997 837
837 997
918 838
838 918
999 839
839 999
920 840
840 920
1001 841
841 1001
922 842
842 922
1003 843
843 1003
924 844
844 924
1005 845
845 1005
926 846
846 926
1007 847
847 1007
928 848
848 928
1009 849
849 1009
930 850
850 930
1011 851
851 1011
932 852
852 932
1013 853
853 1013
934 854
854 934
1015 855
855 1015
936 856
856 936
1017 857
857 1017
938 858
858 938
1019 859
859 1019
940 860
860 940
1021 861
861 1021
942 862
862 942
1023 863
863 1023
961 881
881 961
963 883
883 963
965 885
885 965
967 887
887 967
969 889
889 969
971 891
891 971
973 893
893 973
975 895
895 975
977 897
897 977
979 899
899 979
981 901
901 981
983 903
903 983
985 905
905 985
987 907
907 987
989 909
909 989
991 911
911 991
994 913
913 994
996 915
915 996
998 917
917 998
1000 919
919 1000
1002 921
921 1002
1004 923
923 1004
1006 925
925 1006
1008 927
927 1008
1010 929
929 1010
1012 931
931 1012
1014 933
933 1014
1016 935
935 1016
1018 937
937 1018
1020 939
939 1020
1022 941
941 1022
1040 960
960 1040
1042 962
962 1042
1121 1041
1041 1121
1123 1043
1043 1123
1204 1044
1044 1204
1125 1045
1045 1125
1206 1046
1046 1206
1127 1047
1047 1127
1208 1048
1048 1208
1129 1049
1049 1129
1210 1050
1050 1210
1131 1051
1051 1131
1212 1052
1052 1212
1133 1053
1053 1133
1214 1054
1054 1214
1135 1055
1055 1135
1216 1056
1056 1216
1137 1057
1057 1137
1218 1058
1058 1218
1139 1059
1059 1139
1220 1060
1060 1220
1141 1061
1061 1141
1222 1062
1062 1222
1143 1063
1063 1143
1224 1064
1064 1224
1145 1065
1065 1145
1226 1066
1066 1226
1147 1067
1067 1147
1228 1068
1068 1228
1149 1069
1069 1149
1230 1070
1070 1230
1151 1071
1071 1151
1232 1072
1072 1232
1153 1073
1073 1153
1234 1074
1074 1234
1155 1075
1075 1155
1236 1076
1076 1236
1157 1077
1077 1157
1238 1078
1078 1238
1159 1079
1079 1159
1240 1080
1080 1240
1161 1081
1081 1161
1242 1082
1082 1242
1163 1083
1083 1163
1244 1084
1084 1244
1165 1085
1085 1165
1246 1086
1086 1246
1167 1087
1087 1167
1248 1088
1088 1248
1169 1089
1089 1169
1250 1090
1090 1250
1171 1091
1091 1171
1252 1092
1092 1252
1173 1093
1093 1173
1254 1094
1094 1254
1175 1095
1095 1175
1256 1096
1096 1256
1177 1097
1097 1177
1258 1098
1098 1258
1179 1099
1099 1179
1260 1100
1100 1260
1181 1101
1101 1181
1262 1102
1102 1262
1183 1103
1103 1183
1200 1120
1120 1200
1202 1122
1122 1202
1205 1124
1124 1205
1207 1126
1126 1207
1209 1128
1128 1209
1211 1130
1130 1211
1213 1132
1132 1213
1215 1134
1134 1215
1217 1136
1136 1217
1219 1138
1138 1219
1221 1140
1140 1221
1223 1142
1142 1223
1225 1144
1144 1225
1227 1146
1146 1227
1229 1148
1148 1229
1231 1150
1150 1231
1233 1152
1152 1233
1235 1154
1154 1235
1237 1156
1156 1237
1239 1158
1158 1239
1241 1160
1160 1241
1243 1162
1162 1243
1245 1164
1164 1245
1247 1166
1166 1247
1249 1168
1168 1249
1251 1170
1170 1251
1253 1172
1172 1253
1255 1174
1174 1255
1257 1176
1176 1257
1259 1178
1178 1259
1261 1180
1180 1261
1263 1182
1182 1263
143 1201
1201 143
943 1203
1203 943