
k = 30
458 0
0 458
714 1
1 714
460 2
2 460
716 3
3 716
462 4
4 462
718 5
5 718
464 6
6 464
720 7
7 720
466 8
8 466
722 9
9 722
468 10
10 468
724 11
11 724
470 12
12 470
726 13
13 726
472 14
14 472
728 15
15 728
474 16
16 474
730 17
17 730
476 18
18 476
732 19
19 732
478 20
20 478
734 21
21 734
765 22
22 765
511 23
23 511
767 24
24 767
513 25
25 513
769 26
26 769
515 27
27 515
771 28
28 771
517 29
29 517
773 30
30 773
519 31
31 519
775 32
32 775
521 33
33 521
777 34
34 777
523 35
35 523
779 36
36 779
525 37
37 525
781 38
38 781
527 39
39 527
783 40
40 783
529 41
41 529
785 42
42 785
531 43
43 531
787 44
44 787
533 45
45 533
789 46
46 789
535 47
47 535
791 48
48 791
537 49
49 537
793 50
50 793
539 51
51 539
795 52
52 795
541 53
53 541
797 54
54 797
543 55
55 543
799 56
56 799
545 57
57 545
801 58
58 801
547 59
59 547
803 60
60 803
549 61
61 549
805 62
62 805
551 63
63 551
807 64
64 807
553 65
65 553
809 66
66 809
555 67
67 555
811 68
68 811
557 69
69 557
813 70
70 813
559 71
71 559
815 72
72 815
561 73
73 561
817 74
74 817
563 75
75 563
819 76
76 819
565 77
77 565
821 78
78 821
567 79
79 567
823 80
80 823
569 81
81 569
825 82
82 825
571 83
83 571
827 84
84 827
573 85
85 573
829 86
86 829
575 87
87 575
831 88
88 831
577 89
89 577
833 90
90 833
579 91
91 579
835 92
92 835
581 93
93 581
837 94
94 837
583 95
95 583
839 96
96 839
585 97
97 585
841 98
98 841
587 99
99 587
843 100
100 843
589 101
101 589
845 102
102 845
591 103
103 591
847 104
104 847
593 105
105 593
849 106
106 849
595 107
107 595
851 108
108 851
597 109
109 597
853 110
110 853
599 111
111 599
855 112
112 855
601 113
113 601
857 114
114 857
603 115
115 603
859 116
116 859
605 117
117 605
861 118
118 861
607 119
119 607
863 120
120 863
609 121
121 609
865 122
122 865
611 123
123 611
867 124
124 867
613 125
125 613
869 126
126 869
615 127
127 615
871 128
128 871
617 129
129 617
873 130
130 873
619 131
131 619
875 132
132 875
621 133
133 621
877 134
134 877
623 135
135 623
879 136
136 879
625 137
137 625
881 138
138 881
627 139
139 627
883 140
140 883
629 141
141 629
885 142
142 885
631 143
143 631
887 144
144 887
633 145
145 633
889 146
146 889
635 147
147 635
891 148
148 891
637 149
149 637
893 150
150 893
639 151
151 639
895 152
152 895
641 153
153 641
897 154
154 897
643 155
155 643
899 156
156 899
645 157
157 645
901 158
158 901
647 159
159 647
903 160
160 903
649 161
161 649
905 162
162 905
651 163
163 651
907 164
164 907
653 165
165 653
909 166
166 909
655 167
167 655
911 168
168 911
657 169
169 657
913 170
170 913
659 171
171 659
915 172
172 915
661 173
173 661
917 174
174 917
663 175
175 663
919 176
176 919
665 177
177 665
921 178
178 921
667 179
179 667
923 180
180 923
669 181
181 669
925 182
182 925
671 183
183 671
927 184
184 927
673 185
185 673
929 186
186 929
675 187
187 675
931 188
188 931
677 189
189 677
933 190
190 933
679 191
191 679
935 192
192 935
681 193
193 681
937 194
194 937
683 195
195 683
939 196
196 939
685 197
197 685
941 198
198 941
687 199
199 687
943 200
200 943
689 201
201 689
945 202
202 945
691 203
203 691
947 204
204 947
693 205
205 693
949 206
206 949
695 207
207 695
951 208
208 951
697 209
209 697
953 210
210 953
699 211
211 699
955 212
212 955
701 213
213 701
957 214
214 957
703 215
215 703
959 216
216 959
705 217
217 705
961 218
218 961
707 219
219 707
963 220
220 963
709 221
221 709
965 222
222 965
711 223
223 711
967 224
224 967
713 255
255 713
969 256
256 969
715 257
257 715
971 258
258 971
717 259
259 717
973 260
260 973
719 261
261 719
975 262
262 975
721 263
263 721
977 264
264 977
723 265
265 723
979 266
266 979
725 267
267 725
981 268
268 981
727 269
269 727
983 270
270 983
729 271
271 729
985 272
272 985
731 273
273 731
987 274
274 987
733 275
275 733
989 276
276 989
1020 277
277 1020
766 278
278 766
1022 279
279 1022
768 280
280 768
1024 281
281 1024
770 282
282 770
1026 283
283 1026
772 284
284 772
1028 285
285 1028
774 286
286 774
1030 287
287 1030
776 288
288 776
1032 289
289 1032
778 290
290 778
1034 291
291 1034
780 292
292 780
1036 293
293 1036
782 294
294 782
1038 295
295 1038
784 296
296 784
1040 297
297 1040
786 298
298 786
1042 299
299 1042
788 300
300 788
1044 301
301 1044
790 302
302 790
1046 303
303 1046
792 304
304 792
1048 305
305 1048
794 306
306 794
1050 307
307 1050
796 308
308 796
1052 309
309 1052
798 310
310 798
1054 311
311 1054
800 312
312 800
1056 313
313 1056
802 314
314 802
1058 315
315 1058
804 316
316 804
1060 317
317 1060
806 318
318 806
1062 319
319 1062
808 320
320 808
1064 321
321 1064
810 322
322 810
1066 323
323 1066
812 324
324 812
1068 325
325 1068
814 326
326 814
1070 327
327 1070
816 328
328 816
1072 329
329 1072
818 330
330 818
1074 331
331 1074
820 332
332 820
1076 333
333 1076
822 334
334 822
1078 335
335 1078
824 336
336 824
1080 337
337 1080
826 338
338 826
1082 339
339 1082
828 340
340 828
1084 341
341 1084
830 342
342 830
1086 343
343 1086
832 344
344 832
1088 345
345 1088
834 346
346 834
1090 347
347 1090
836 348
348 836
1092 349
349 1092
838 350
350 838
1094 351
351 1094
840 352
352 840
1096 353
353 1096
842 354
354 842
1098 355
355 1098
844 356
356 844
1100 357
357 1100
846 358
358 846
1102 359
359 1102
848 360
360 848
1104 361
361 1104
850 362
362 850
1106 363
363 1106
852 364
364 852
1108 365
365 1108
854 366
366 854
1110 367
367 1110
856 368
368 856
1112 369
369 1112
858 370
370 858
1114 371
371 1114
860 372
372 860
1116 373
373 1116
862 374
374 862
1118 375
375 1118
864 376
376 864
1120 377
377 1120
866 378
378 866
1122 379
379 1122
868 380
380 868
1124 381
381 1124
870 382
382 870
1126 383
383 1126
872 384
384 872
1128 385
385 1128
874 386
386 874
1130 387
387 1130
876 388
388 876
1132 389
389 1132
878 390
390 878
1134 391
391 1134
880 392
392 880
1136 393
393 1136
882 394
394 882
1138 395
395 1138
884 396
396 884
1140 397
397 1140
886 398
398 886
1142 399
399 1142
888 400
400 888
1144 401
401 1144
890 402
402 890
1146 403
403 1146
892 404
404 892
1148 405
405 1148
894 406
406 894
1150 407
407 1150
896 408
408 896
1152 409
409 1152
898 410
410 898
1154 411
411 1154
900 412
412 900
1156 413
413 1156
902 414
414 902
1158 415
415 1158
904 416
416 904
1160 417
417 1160
906 418
418 906
1162 419
419 1162
908 420
420 908
1164 421
421 1164
910 422
422 910
1166 423
423 1166
912 424
424 912
1168 425
425 1168
914 426
426 914
1170 427
427 1170
916 428
428 916
1172 429
429 1172
918 430
430 918
1174 431
431 1174
920 432
432 920
1176 433
433 1176
922 434
434 922
1178 435
435 1178
924 436
436 924
1180 437
437 1180
926 438
438 926
1182 439
439 1182
928 440
440 928
1184 441
441 1184
930 442
442 930
1186 443
443 1186
932 444
444 932
1188 445
445 1188
934 446
446 934
1190 447
447 1190
936 448
448 936
1192 449
449 1192
938 450
450 938
1194 451
451 1194
940 452
452 940
1196 453
453 1196
942 454
454 942
1198 455
455 1198
944 456
456 944
1200 457
457 1200
948 459
459 948
950 461
461 950
952 463
463 952
954 465
465 954
956 467
467 956
958 469
469 958
960 471
471 960
962 473
473 962
964 475
475 964
966 477
477 966
968 479
479 968
970 510
510 970
972 512
512 972
974 514
514 974
976 516
516 976
978 518
518 978
980 520
520 980
982 522
522 982
984 524
524 984
986 526
526 986
988 528
528 988
1243 530
530 1243
1021 532
532 1021
1023 534
534 1023
1025 536
536 1025
1027 538
538 1027
1029 540
540 1029
1031 542
542 1031
1033 544
544 1033
1035 546
546 1035
1037 548
548 1037
1039 550
550 1039
1041 552
552 1041
1043 554
554 1043
1045 556
556 1045
1047 558
558 1047
1049 560
560 1049
1051 562
562 1051
1053 564
564 1053
1055 566
566 1055
1057 568
568 1057
1059 570
570 1059
1061 572
572 1061
1063 574
574 1063
1065 576
576 1065
1067 578
578 1067
1069 580
580 1069
1071 582
582 1071
1073 584
584 1073
1075 586
586 1075
1077 588
588 1077
1079 590
590 1079
1081 592
592 1081
1083 594
594 1083
1085 596
596 1085
1087 598
598 1087
1089 600
600 1089
1091 602
602 1091
1093 604
604 1093
1095 606
606 1095
1097 608
608 1097
1099 610
610 1099
1101 612
612 1101
1103 614
614 1103
1105 616
616 1105
1107 618
618 1107
1109 620
620 1109
1111 622
622 1111
1113 624
624 1113
1115 626
626 1115
1117 628
628 1117
1119 630
630 1119
1121 632
632 1121
1123 634
634 1123
1125 636
636 1125
1127 638
638 1127
1129 640
640 1129
1131 642
642 1131
1133 644
644 1133
1135 646
646 1135
1137 648
648 1137
1139 650
650 1139
1141 652
652 1141
1143 654
654 1143
1145 656
656 1145
1147 658
658 1147
1149 660
660 1149
1151 662
662 1151
1153 664
664 1153
1155 666
666 1155
1157 668
668 1157
1159 670
670 1159
1161 672
672 1161
1163 674
674 1163
1165 676
676 1165
1167 678
678 1167
1169 680
680 1169
1171 682
682 1171
1173 684
684 1173
1175 686
686 1175
1177 688
688 1177
1179 690
690 1179
1181 692
692 1181
1183 694
694 1183
1185 696
696 1185
1187 698
698 1187
1189 700
700 1189
1191 702
702 1191
1193 704
704 1193
1195 706
706 1195
1197 708
708 1197
1199 710
710 1199
1201 712
712 1201
1434 946
946 1434
1690 1202
1202 1690
1946 1203
1203 1946
1692 1204
1204 1692
1948 1205
1205 1948
1694 1206
1206 1694
1950 1207
1207 1950
1696 1208
1208 1696
1952 1209
1209 1952
1698 1210
1210 1698
1954 1211
1211 1954
1700 1212
1212 1700
1956 1213
1213 1956
1702 1214
1214 1702
1958 1215
1215 1958
1704 1216
1216 1704
1960 1217
1217 1960
1706 1218
1218 1706
1962 1219
1219 1962
1708 1220
1220 1708
1964 1221
1221 1964
1710 1222
1222 1710
1966 1223
1223 1966
1712 1224
1224 1712
1968 1225
1225 1968
1714 1226
1226 1714
1970 1227
1227 1970
1716 1228
1228 1716
1972 1229
1229 1972
1718 1230
1230 1718
1974 1231
1231 1974
1720 1232
1232 1720
1976 1233
1233 1976
1722 1234
1234 1722
1978 1235
1235 1978
1724 1236
1236 1724
1980 1237
1237 1980
1726 1238
1238 1726
1982 1239
1239 1982
1728 1240
1240 1728
1984 1241
1241 1984
1730 1242
1242 1730
1732 1244
1244 1732
1733 1275
1275 1733
1989 1276
1276 1989
1735 1277
1277 1735
1991 1278
1278 1991
1737 1279
1279 1737
1993 1280
1280 1993
1739 1281
1281 1739
1995 1282
1282 1995
1741 1283
1283 1741
1997 1284
1284 1997
1743 1285
1285 1743
1999 1286
1286 1999
1745 1287
1287 1745
2001 1288
1288 2001
1747 1289
1289 1747
2003 1290
1290 2003
1749 1291
1291 1749
2005 1292
1292 2005
1751 1293
1293 1751
2007 1294
1294 2007
1753 1295
1295 1753
2009 1296
1296 2009
2040 1297
1297 2040
1786 1298
1298 1786
2042 1299
1299 2042
1788 1300
1300 1788
2044 1301
1301 2044
1790 1302
1302 1790
2046 1303
1303 2046
1792 1304
1304 1792
2048 1305
1305 2048
1794 1306
1306 1794
2050 1307
1307 2050
1796 1308
1308 1796
2052 1309
1309 2052
1798 1310
1310 1798
2054 1311
1311 2054
1800 1312
1312 1800
2056 1313
1313 2056
1802 1314
1314 1802
2058 1315
1315 2058
1804 1316
1316 1804
2060 1317
1317 2060
1806 1318
1318 1806
2062 1319
1319 2062
1808 1320
1320 1808
2064 1321
1321 2064
1810 1322
1322 1810
2066 1323
1323 2066
1812 1324
1324 1812
2068 1325
1325 2068
1814 1326
1326 1814
2070 1327
1327 2070
1816 1328
1328 1816
2072 1329
1329 2072
1818 1330
1330 1818
2074 1331
1331 2074
1820 1332
1332 1820
2076 1333
1333 2076
1822 1334
1334 1822
2078 1335
1335 2078
1824 1336
1336 1824
2080 1337
1337 2080
1826 1338
1338 1826
2082 1339
1339 2082
1828 1340
1340 1828
2084 1341
1341 2084
1830 1342
1342 1830
2086 1343
1343 2086
1832 1344
1344 1832
2088 1345
1345 2088
1834 1346
1346 1834
2090 1347
1347 2090
1836 1348
1348 1836
2092 1349
1349 2092
1838 1350
1350 1838
2094 1351
1351 2094
1840 1352
1352 1840
2096 1353
1353 2096
1842 1354
1354 1842
2098 1355
1355 2098
1844 1356
1356 1844
2100 1357
1357 2100
1846 1358
1358 1846
2102 1359
1359 2102
1848 1360
1360 1848
2104 1361
1361 2104
1850 1362
1362 1850
2106 1363
1363 2106
1852 1364
1364 1852
2108 1365
1365 2108
1854 1366
1366 1854
2110 1367
1367 2110
1856 1368
1368 1856
2112 1369
1369 2112
1858 1370
1370 1858
2114 1371
1371 2114
1860 1372
1372 1860
2116 1373
1373 2116
1862 1374
1374 1862
2118 1375
1375 2118
1864 1376
1376 1864
2120 1377
1377 2120
1866 1378
1378 1866
2122 1379
1379 2122
1868 1380
1380 1868
2124 1381
1381 2124
1870 1382
1382 1870
2126 1383
1383 2126
1872 1384
1384 1872
2128 1385
1385 2128
1874 1386
1386 1874
2130 1387
1387 2130
1876 1388
1388 1876
2132 1389
1389 2132
1878 1390
1390 1878
2134 1391
1391 2134
1880 1392
1392 1880
2136 1393
1393 2136
1882 1394
1394 1882
2138 1395
1395 2138
1884 1396
1396 1884
2140 1397
1397 2140
1886 1398
1398 1886
2142 1399
1399 2142
1888 1400
1400 1888
2144 1401
1401 2144
1890 1402
1402 1890
2146 1403
1403 2146
1892 1404
1404 1892
2148 1405
1405 2148
1894 1406
1406 1894
2150 1407
1407 2150
1896 1408
1408 1896
2152 1409
1409 2152
1898 1410
1410 1898
2154 1411
1411 2154
1900 1412
1412 1900
2156 1413
1413 2156
1902 1414
1414 1902
2158 1415
1415 2158
1904 1416
1416 1904
2160 1417
1417 2160
1906 1418
1418 1906
2162 1419
1419 2162
1908 1420
1420 1908
2164 1421
1421 2164
1910 1422
1422 1910
2166 1423
1423 2166
1912 1424
1424 1912
2168 1425
1425 2168
1914 1426
1426 1914
2170 1427
1427 2170
1916 1428
1428 1916
2172 1429
1429 2172
1918 1430
1430 1918
2174 1431
1431 2174
1920 1432
1432 1920
2176 1433
1433 2176
1923 1435
1435 1923
2179 1436
1436 2179
1925 1437
1437 1925
2181 1438
1438 2181
1927 1439
1439 1927
2183 1440
1440 2183
1929 1441
1441 1929
2185 1442
1442 2185
1931 1443
1443 1931
2187 1444
1444 2187
1933 1445
1445 1933
2189 1446
1446 2189
1935 1447
1447 1935
2191 1448
1448 2191
1937 1449
1449 1937
2193 1450
1450 2193
1939 1451
1451 1939
2195 1452
1452 2195
1941 1453
1453 1941
2197 1454
1454 2197
1943 1455
1455 1943
2199 1456
1456 2199
1945 1457
1457 1945
2201 1458
1458 2201
1947 1459
1459 1947
2203 1460
1460 2203
1949 1461
1461 1949
2205 1462
1462 2205
1951 1463
1463 1951
2207 1464
1464 2207
1953 1465
1465 1953
2209 1466
1466 2209
1955 1467
1467 1955
2211 1468
1468 2211
1957 1469
1469 1957
2213 1470
1470 2213
1959 1471
1471 1959
2215 1472
1472 2215
1961 1473
1473 1961
2217 1474
1474 2217
1963 1475
1475 1963
2219 1476
1476 2219
1965 1477
1477 1965
2221 1478
1478 2221
1967 1479
1479 1967
2223 1480
1480 2223
1969 1481
1481 1969
2225 1482
1482 2225
1971 1483
1483 1971
2227 1484
1484 2227
1973 1485
1485 1973
2229 1486
1486 2229
1975 1487
1487 1975
2231 1488
1488 2231
1977 1489
1489 1977
2233 1490
1490 2233
1979 1491
1491 1979
2235 1492
1492 2235
1981 1493
1493 1981
2237 1494
1494 2237
1983 1495
1495 1983
2239 1496
1496 2239
1985 1497
1497 1985
2241 1498
1498 2241
1987 1499
1499 1987
1988 1530
1530 1988
2244 1531
1531 2244
1990 1532
1532 1990
2246 1533
1533 2246
1992 1534
1534 1992
2248 1535
1535 2248
1994 1536
1536 1994
2250 1537
1537 2250
1996 1538
1538 1996
2252 1539
1539 2252
1998 1540
1540 1998
2254 1541
1541 2254
2000 1542
1542 2000
2256 1543
1543 2256
2002 1544
1544 2002
2258 1545
1545 2258
2004 1546
1546 2004
2260 1547
1547 2260
2006 1548
1548 2006
2262 1549
1549 2262
2008 1550
1550 2008
2264 1551
1551 2264
2295 1552
1552 2295
2041 1553
1553 2041
2297 1554
1554 2297
2043 1555
1555 2043
2299 1556
1556 2299
2045 1557
1557 2045
2301 1558
1558 2301
2047 1559
1559 2047
2303 1560
1560 2303
2049 1561
1561 2049
2305 1562
1562 2305
2051 1563
1563 2051
2307 1564
1564 2307
2053 1565
1565 2053
2309 1566
1566 2309
2055 1567
1567 2055
2311 1568
1568 2311
2057 1569
1569 2057
2313 1570
1570 2313
2059 1571
1571 2059
2315 1572
1572 2315
2061 1573
1573 2061
2317 1574
1574 2317
2063 1575
1575 2063
2319 1576
1576 2319
2065 1577
1577 2065
2321 1578
1578 2321
2067 1579
1579 2067
2323 1580
1580 2323
2069 1581
1581 2069
2325 1582
1582 2325
2071 1583
1583 2071
2327 1584
1584 2327
2073 1585
1585 2073
2329 1586
1586 2329
2075 1587
1587 2075
2331 1588
1588 2331
2077 1589
1589 2077
2333 1590
1590 2333
2079 1591
1591 2079
2335 1592
1592 2335
2081 1593
1593 2081
2337 1594
1594 2337
2083 1595
1595 2083
2339 1596
1596 2339
2085 1597
1597 2085
2341 1598
1598 2341
2087 1599
1599 2087
2343 1600
1600 2343
2089 1601
1601 2089
2345 1602
1602 2345
2091 1603
1603 2091
2347 1604
1604 2347
2093 1605
1605 2093
2349 1606
1606 2349
2095 1607
1607 2095
2351 1608
1608 2351
2097 1609
1609 2097
2353 1610
1610 2353
2099 1611
1611 2099
2355 1612
1612 2355
2101 1613
1613 2101
2357 1614
1614 2357
2103 1615
1615 2103
2359 1616
1616 2359
2105 1617
1617 2105
2361 1618
1618 2361
2107 1619
1619 2107
2363 1620
1620 2363
2109 1621
1621 2109
2365 1622
1622 2365
2111 1623
1623 2111
2367 1624
1624 2367
2113 1625
1625 2113
2369 1626
1626 2369
2115 1627
1627 2115
2371 1628
1628 2371
2117 1629
1629 2117
2373 1630
1630 2373
2119 1631
1631 2119
2375 1632
1632 2375
2121 1633
1633 2121
2377 1634
1634 2377
2123 1635
1635 2123
2379 1636
1636 2379
2125 1637
1637 2125
2381 1638
1638 2381
2127 1639
1639 2127
2383 1640
1640 2383
2129 1641
1641 2129
2385 1642
1642 2385
2131 1643
1643 2131
2387 1644
1644 2387
2133 1645
1645 2133
2389 1646
1646 2389
2135 1647
1647 2135
2391 1648
1648 2391
2137 1649
1649 2137
2393 1650
1650 2393
2139 1651
1651 2139
2395 1652
1652 2395
2141 1653
1653 2141
2397 1654
1654 2397
2143 1655
1655 2143
2399 1656
1656 2399
2145 1657
1657 2145
2401 1658
1658 2401
2147 1659
1659 2147
2403 1660
1660 2403
2149 1661
1661 2149
2405 1662
1662 2405
2151 1663
1663 2151
2407 1664
1664 2407
2153 1665
1665 2153
2409 1666
1666 2409
2155 1667
1667 2155
2411 1668
1668 2411
2157 1669
1669 2157
2413 1670
1670 2413
2159 1671
1671 2159
2415 1672
1672 2415
2161 1673
1673 2161
2417 1674
1674 2417
2163 1675
1675 2163
2419 1676
1676 2419
2165 1677
1677 2165
2421 1678
1678 2421
2167 1679
1679 2167
2423 1680
1680 2423
2169 1681
1681 2169
2425 1682
1682 2425
2171 1683
1683 2171
2427 1684
1684 2427
2173 1685
1685 2173
2429 1686
1686 2429
2175 1687
1687 2175
2431 1688
1688 2431
2177 1689
1689 2177
2180 1691
1691 2180
2182 1693
1693 2182
2184 1695
1695 2184
2186 1697
1697 2186
2188 1699
1699 2188
2190 1701
1701 2190
2192 1703
1703 2192
2194 1705
1705 2194
2196 1707
1707 2196
2198 1709
1709 2198
2200 1711
1711 2200
2202 1713
1713 2202
2204 1715
1715 2204
2206 1717
1717 2206
2208 1719
1719 2208
2210 1721
1721 2210
2212 1723
1723 2212
2214 1725
1725 2214
2216 1727
1727 2216
2218 1729
1729 2218
2220 1731
1731 2220
2222 1734
1734 2222
2224 1736
1736 2224
2226 1738
1738 2226
2228 1740
1740 2228
2230 1742
1742 2230
2232 1744
1744 2232
2234 1746
1746 2234
2236 1748
1748 2236
2238 1750
1750 2238
2240 1752
1752 2240
2242 1754
1754 2242
2243 1785
1785 2243
2245 1787
1787 2245
2247 1789
1789 2247
2249 1791
1791 2249
2251 1793
1793 2251
2253 1795
1795 2253
2255 1797
1797 2255
2257 1799
1799 2257
2259 1801
1801 2259
2261 1803
1803 2261
2263 1805
1805 2263
2296 1807
1807 2296
2298 1809
1809 2298
2300 1811
1811 2300
2302 1813
1813 2302
2304 1815
1815 2304
2306 1817
1817 2306
2308 1819
1819 2308
2310 1821
1821 2310
2312 1823
1823 2312
2314 1825
1825 2314
2316 1827
1827 2316
2318 1829
1829 2318
2320 1831
1831 2320
2322 1833
1833 2322
2324 1835
1835 2324
2326 1837
1837 2326
2328 1839
1839 2328
2330 1841
1841 2330
2332 1843
1843 2332
2334 1845
1845 2334
2336 1847
1847 2336
2338 1849
1849 2338
2340 1851
1851 2340
2342 1853
1853 2342
2344 1855
1855 2344
2346 1857
1857 2346
2348 1859
1859 2348
2350 1861
1861 2350
2352 1863
1863 2352
2354 1865
1865 2354
2356 1867
1867 2356
2358 1869
1869 2358
2360 1871
1871 2360
2362 1873
1873 2362
2364 1875
1875 2364
2366 1877
1877 2366
2368 1879
1879 2368
2370 1881
1881 2370
2372 1883
1883 2372
2374 1885
1885 2374
2376 1887
1887 2376
2378 1889
1889 2378
2380 1891
1891 2380
2382 1893
1893 2382
2384 1895
1895 2384
2386 1897
1897 2386
2388 1899
1899 2388
2390 1901
1901 2390
2392 1903
1903 2392
2394 1905
1905 2394
2396 1907
1907 2396
2398 1909
1909 2398
2400 1911
1911 2400
2402 1913
1913 2402
2404 1915
1915 2404
2406 1917
1917 2406
2408 1919
1919 2408
2410 1921
1921 2410
2665 1922
1922 2665
2412 1924
1924 2412
2414 1926
1926 2414
2416 1928
1928 2416
2418 1930
1930 2418
2420 1932
1932 2420
2422 1934
1934 2422
2424 1936
1936 2424
2426 1938
1938 2426
2428 1940
1940 2428
2430 1942
1942 2430
2432 1944
1944 2432
2474 1986
1986 2474
2666 2178
2178 2666
2921 2433
2433 2921
3177 2434
2434 3177
2923 2435
2435 2923
3179 2436
2436 3179
2925 2437
2437 2925
3181 2438
2438 3181
2927 2439
2439 2927
3183 2440
2440 3183
2929 2441
2441 2929
3185 2442
2442 3185
2931 2443
2443 2931
3187 2444
2444 3187
2933 2445
2445 2933
3189 2446
2446 3189
2935 2447
2447 2935
3191 2448
2448 3191
2937 2449
2449 2937
3193 2450
2450 3193
2939 2451
2451 2939
3195 2452
2452 3195
2941 2453
2453 2941
3197 2454
2454 3197
2943 2455
2455 2943
3199 2456
2456 3199
2945 2457
2457 2945
3201 2458
2458 3201
2947 2459
2459 2947
3203 2460
2460 3203
2949 2461
2461 2949
3205 2462
2462 3205
2951 2463
2463 2951
3207 2464
2464 3207
2953 2465
2465 2953
3209 2466
2466 3209
2955 2467
2467 2955
3211 2468
2468 3211
2957 2469
2469 2957
3213 2470
2470 3213
2959 2471
2471 2959
3215 2472
2472 3215
2961 2473
2473 2961
2963 2475
2475 2963
3219 2476
2476 3219
2965 2477
2477 2965
3221 2478
2478 3221
2967 2479
2479 2967
3223 2480
2480 3223
2969 2481
2481 2969
3225 2482
2482 3225
2971 2483
2483 2971
3227 2484
2484 3227
2973 2485
2485 2973
3229 2486
2486 3229
2975 2487
2487 2975
3231 2488
2488 3231
2977 2489
2489 2977
3233 2490
2490 3233
2979 2491
2491 2979
3235 2492
2492 3235
2981 2493
2493 2981
3237 2494
2494 3237
2983 2495
2495 2983
3239 2496
2496 3239
2985 2497
2497 2985
3241 2498
2498 3241
2987 2499
2499 2987
3243 2500
2500 3243
2989 2501
2501 2989
3245 2502
2502 3245
2991 2503
2503 2991
3247 2504
2504 3247
2993 2505
2505 2993
3249 2506
2506 3249
2995 2507
2507 2995
3251 2508
2508 3251
2997 2509
2509 2997
3253 2510
2510 3253
2999 2511
2511 2999
3255 2512
2512 3255
3001 2513
2513 3001
3257 2514
2514 3257
3003 2515
2515 3003
3259 2516
2516 3259
3005 2517
2517 3005
3261 2518
2518 3261
3007 2519
2519 3007
3008 2550
2550 3008
3264 2551
2551 3264
3010 2552
2552 3010
3266 2553
2553 3266
3012 2554
2554 3012
3268 2555
2555 3268
3014 2556
2556 3014
3270 2557
2557 3270
3016 2558
2558 3016
3272 2559
2559 3272
3018 2560
2560 3018
3274 2561
2561 3274
3020 2562
2562 3020
3276 2563
2563 3276
3022 2564
2564 3022
3278 2565
2565 3278
3024 2566
2566 3024
3280 2567
2567 3280
3026 2568
2568 3026
3282 2569
2569 3282
3028 2570
2570 3028
3284 2571
2571 3284
3315 2572
2572 3315
3061 2573
2573 3061
3317 2574
2574 3317
3063 2575
2575 3063
3319 2576
2576 3319
3065 2577
2577 3065
3321 2578
2578 3321
3067 2579
2579 3067
3323 2580
2580 3323
3069 2581
2581 3069
3325 2582
2582 3325
3071 2583
2583 3071
3327 2584
2584 3327
3073 2585
2585 3073
3329 2586
2586 3329
3075 2587
2587 3075
3331 2588
2588 3331
3077 2589
2589 3077
3333 2590
2590 3333
3079 2591
2591 3079
3335 2592
2592 3335
3081 2593
2593 3081
3337 2594
2594 3337
3083 2595
2595 3083
3339 2596
2596 3339
3085 2597
2597 3085
3341 2598
2598 3341
3087 2599
2599 3087
3343 2600
2600 3343
3089 2601
2601 3089
3345 2602
2602 3345
3091 2603
2603 3091
3347 2604
2604 3347
3093 2605
2605 3093
3349 2606
2606 3349
3095 2607
2607 3095
3351 2608
2608 3351
3097 2609
2609 3097
3353 2610
2610 3353
3099 2611
2611 3099
3355 2612
2612 3355
3101 2613
2613 3101
3357 2614
2614 3357
3103 2615
2615 3103
3359 2616
2616 3359
3105 2617
2617 3105
3361 2618
2618 3361
3107 2619
2619 3107
3363 2620
2620 3363
3109 2621
2621 3109
3365 2622
2622 3365
3111 2623
2623 3111
3367 2624
2624 3367
3113 2625
2625 3113
3369 2626
2626 3369
3115 2627
2627 3115
3371 2628
2628 3371
3117 2629
2629 3117
3373 2630
2630 3373
3119 2631
2631 3119
3375 2632
2632 3375
3121 2633
2633 3121
3377 2634
2634 3377
3123 2635
2635 3123
3379 2636
2636 3379
3125 2637
2637 3125
3381 2638
2638 3381
3127 2639
2639 3127
3383 2640
2640 3383
3129 2641
2641 3129
3385 2642
2642 3385
3131 2643
2643 3131
3387 2644
2644 3387
3133 2645
2645 3133
3389 2646
2646 3389
3135 2647
2647 3135
3391 2648
2648 3391
3137 2649
2649 3137
3393 2650
2650 3393
3139 2651
2651 3139
3395 2652
2652 3395
3141 2653
2653 3141
3397 2654
2654 3397
3143 2655
2655 3143
3399 2656
2656 3399
3145 2657
2657 3145
3401 2658
2658 3401
3147 2659
2659 3147
3403 2660
2660 3403
3149 2661
2661 3149
3405 2662
2662 3405
3151 2663
2663 3151
3407 2664
2664 3407
3155 2667
2667 3155
3411 2668
2668 3411
3157 2669
2669 3157
3413 2670
2670 3413
3159 2671
2671 3159
3415 2672
2672 3415
3161 2673
2673 3161
3417 2674
2674 3417
3163 2675
2675 3163
3419 2676
2676 3419
3165 2677
2677 3165
3421 2678
2678 3421
3167 2679
2679 3167
3423 2680
2680 3423
3169 2681
2681 3169
3425 2682
2682 3425
3171 2683
2683 3171
3427 2684
2684 3427
3173 2685
2685 3173
3429 2686
2686 3429
3175 2687
2687 3175
3431 2688
2688 3431
3178 2689
2689 3178
3433 2690
2690 3433
3180 2691
2691 3180
3435 2692
2692 3435
3182 2693
2693 3182
3437 2694
2694 3437
3184 2695
2695 3184
3439 2696
2696 3439
3186 2697
2697 3186
3441 2698
2698 3441
3188 2699
2699 3188
3443 2700
2700 3443
3190 2701
2701 3190
3445 2702
2702 3445
3192 2703
2703 3192
3447 2704
2704 3447
3194 2705
2705 3194
3449 2706
2706 3449
3196 2707
2707 3196
3451 2708
2708 3451
3198 2709
2709 3198
3453 2710
2710 3453
3200 2711
2711 3200
3455 2712
2712 3455
3202 2713
2713 3202
3457 2714
2714 3457
3204 2715
2715 3204
3459 2716
2716 3459
3206 2717
2717 3206
3461 2718
2718 3461
3208 2719
2719 3208
3463 2720
2720 3463
3210 2721
2721 3210
3465 2722
2722 3465
3212 2723
2723 3212
3467 2724
2724 3467
3214 2725
2725 3214
3469 2726
2726 3469
3216 2727
2727 3216
3471 2728
2728 3471
3217 2729
2729 3217
3473 2730
2730 3473
3220 2731
2731 3220
3475 2732
2732 3475
3222 2733
2733 3222
3477 2734
2734 3477
3224 2735
2735 3224
3479 2736
2736 3479
3226 2737
2737 3226
3481 2738
2738 3481
3228 2739
2739 3228
3483 2740
2740 3483
3230 2741
2741 3230
3485 2742
2742 3485
3232 2743
2743 3232
3487 2744
2744 3487
3234 2745
2745 3234
3489 2746
2746 3489
3236 2747
2747 3236
3491 2748
2748 3491
3238 2749
2749 3238
3493 2750
2750 3493
3240 2751
2751 3240
3495 2752
2752 3495
3242 2753
2753 3242
3497 2754
2754 3497
3244 2755
2755 3244
3499 2756
2756 3499
3246 2757
2757 3246
3501 2758
2758 3501
3248 2759
2759 3248
3503 2760
2760 3503
3250 2761
2761 3250
3505 2762
2762 3505
3252 2763
2763 3252
3507 2764
2764 3507
3254 2765
2765 3254
3509 2766
2766 3509
3256 2767
2767 3256
3511 2768
2768 3511
3258 2769
2769 3258
3513 2770
2770 3513
3260 2771
2771 3260
3515 2772
2772 3515
3262 2773
2773 3262
3517 2774
2774 3517
3263 2805
2805 3263
3519 2806
2806 3519
3265 2807
2807 3265
3521 2808
2808 3521
3267 2809
2809 3267
3523 2810
2810 3523
3269 2811
2811 3269
3525 2812
2812 3525
3271 2813
2813 3271
3527 2814
2814 3527
3273 2815
2815 3273
3529 2816
2816 3529
3275 2817
2817 3275
3531 2818
2818 3531
3277 2819
2819 3277
3533 2820
2820 3533
3279 2821
2821 3279
3535 2822
2822 3535
3281 2823
2823 3281
3537 2824
2824 3537
3283 2825
2825 3283
3539 2826
2826 3539
3570 2827
2827 3570
3316 2828
2828 3316
3572 2829
2829 3572
3318 2830
2830 3318
3574 2831
2831 3574
3320 2832
2832 3320
3576 2833
2833 3576
3322 2834
2834 3322
3578 2835
2835 3578
3324 2836
2836 3324
3580 2837
2837 3580
3326 2838
2838 3326
3582 2839
2839 3582
3328 2840
2840 3328
3584 2841
2841 3584
3330 2842
2842 3330
3586 2843
2843 3586
3332 2844
2844 3332
3588 2845
2845 3588
3334 2846
2846 3334
3590 2847
2847 3590
3336 2848
2848 3336
3592 2849
2849 3592
3338 2850
2850 3338
3594 2851
2851 3594
3340 2852
2852 3340
3596 2853
2853 3596
3342 2854
2854 3342
3598 2855
2855 3598
3344 2856
2856 3344
3600 2857
2857 3600
3346 2858
2858 3346
3602 2859
2859 3602
3348 2860
2860 3348
3604 2861
2861 3604
3350 2862
2862 3350
3606 2863
2863 3606
3352 2864
2864 3352
3608 2865
2865 3608
3354 2866
2866 3354
3610 2867
2867 3610
3356 2868
2868 3356
3612 2869
2869 3612
3358 2870
2870 3358
3614 2871
2871 3614
3360 2872
2872 3360
3616 2873
2873 3616
3362 2874
2874 3362
3618 2875
2875 3618
3364 2876
2876 3364
3620 2877
2877 3620
3366 2878
2878 3366
3622 2879
2879 3622
3368 2880
2880 3368
3624 2881
2881 3624
3370 2882
2882 3370
3626 2883
2883 3626
3372 2884
2884 3372
3628 2885
2885 3628
3374 2886
2886 3374
3630 2887
2887 3630
3376 2888
2888 3376
3632 2889
2889 3632
3378 2890
2890 3378
3634 2891
2891 3634
3380 2892
2892 3380
3636 2893
2893 3636
3382 2894
2894 3382
3638 2895
2895 3638
3384 2896
2896 3384
3640 2897
2897 3640
3386 2898
2898 3386
3642 2899
2899 3642
3388 2900
2900 3388
3644 2901
2901 3644
3390 2902
2902 3390
3646 2903
2903 3646
3392 2904
2904 3392
3648 2905
2905 3648
3394 2906
2906 3394
3650 2907
2907 3650
3396 2908
2908 3396
3652 2909
2909 3652
3398 2910
2910 3398
3654 2911
2911 3654
3400 2912
2912 3400
3656 2913
2913 3656
3402 2914
2914 3402
3658 2915
2915 3658
3404 2916
2916 3404
3660 2917
2917 3660
3406 2918
2918 3406
3662 2919
2919 3662
3408 2920
2920 3408
3410 2922
2922 3410
3412 2924
2924 3412
3414 2926
2926 3414
3416 2928
2928 3416
3418 2930
2930 3418
3420 2932
2932 3420
3422 2934
2934 3422
3424 2936
2936 3424
3426 2938
2938 3426
3428 2940
2940 3428
3430 2942
2942 3430
3432 2944
2944 3432
3434 2946
2946 3434
3436 2948
2948 3436
3438 2950
2950 3438
3440 2952
2952 3440
3442 2954
2954 3442
3444 2956
2956 3444
3446 2958
2958 3446
3448 2960
2960 3448
3450 2962
2962 3450
3452 2964
2964 3452
3454 2966
2966 3454
3456 2968
2968 3456
3458 2970
2970 3458
3460 2972
2972 3460
3462 2974
2974 3462
3464 2976
2976 3464
3466 2978
2978 3466
3468 2980
2980 3468
3470 2982
2982 3470
3472 2984
2984 3472
3474 2986
2986 3474
3476 2988
2988 3476
3478 2990
2990 3478
3480 2992
2992 3480
3482 2994
2994 3482
3484 2996
2996 3484
3486 2998
2998 3486
3488 3000
3000 3488
3490 3002
3002 3490
3492 3004
3004 3492
3494 3006
3006 3494
3498 3009
3009 3498
3500 3011
3011 3500
3502 3013
3013 3502
3504 3015
3015 3504
3506 3017
3017 3506
3508 3019
3019 3508
3510 3021
3021 3510
3512 3023
3023 3512
3514 3025
3025 3514
3516 3027
3027 3516
3518 3029
3029 3518
3520 3060
3060 3520
3522 3062
3062 3522
3524 3064
3064 3524
3526 3066
3066 3526
3528 3068
3068 3528
3530 3070
3070 3530
3532 3072
3072 3532
3534 3074
3074 3534
3536 3076
3076 3536
3538 3078
3078 3538
3793 3080
3080 3793
3571 3082
3082 3571
3573 3084
3084 3573
3575 3086
3086 3575
3577 3088
3088 3577
3579 3090
3090 3579
3581 3092
3092 3581
3583 3094
3094 3583
3585 3096
3096 3585
3587 3098
3098 3587
3589 3100
3100 3589
3591 3102
3102 3591
3593 3104
3104 3593
3595 3106
3106 3595
3597 3108
3108 3597
3599 3110
3110 3599
3601 3112
3112 3601
3603 3114
3114 3603
3605 3116
3116 3605
3607 3118
3118 3607
3609 3120
3120 3609
3611 3122
3122 3611
3613 3124
3124 3613
3615 3126
3126 3615
3617 3128
3128 3617
3619 3130
3130 3619
3621 3132
3132 3621
3623 3134
3134 3623
3625 3136
3136 3625
3627 3138
3138 3627
3629 3140
3140 3629
3631 3142
3142 3631
3633 3144
3144 3633
3635 3146
3146 3635
3637 3148
3148 3637
3639 3150
3150 3639
3641 3152
3152 3641
3896 3153
3153 3896
3643 3154
3154 3643
3645 3156
3156 3645
3647 3158
3158 3647
3649 3160
3160 3649
3651 3162
3162 3651
3653 3164
3164 3653
3655 3166
3166 3655
3657 3168
3168 3657
3659 3170
3170 3659
3661 3172
3172 3661
3663 3174
3174 3663
3664 3176
3176 3664
3706 3218
3218 3706
3897 3409
3409 3897
3984 3496
3496 3984
4153 3665
3665 4153
4409 3666
3666 4409
4155 3667
3667 4155
4411 3668
3668 4411
4157 3669
3669 4157
4413 3670
3670 4413
4159 3671
3671 4159
4415 3672
3672 4415
4161 3673
3673 4161
4417 3674
3674 4417
4163 3675
3675 4163
4419 3676
3676 4419
4165 3677
3677 4165
4421 3678
3678 4421
4167 3679
3679 4167
4423 3680
3680 4423
4169 3681
3681 4169
4425 3682
3682 4425
4171 3683
3683 4171
4427 3684
3684 4427
4173 3685
3685 4173
4429 3686
3686 4429
4175 3687
3687 4175
4431 3688
3688 4431
4177 3689
3689 4177
4433 3690
3690 4433
4179 3691
3691 4179
4435 3692
3692 4435
4181 3693
3693 4181
4437 3694
3694 4437
4183 3695
3695 4183
4439 3696
3696 4439
4185 3697
3697 4185
4441 3698
3698 4441
4187 3699
3699 4187
4443 3700
3700 4443
4189 3701
3701 4189
4445 3702
3702 4445
4191 3703
3703 4191
4447 3704
3704 4447
4193 3705
3705 4193
4195 3707
3707 4195
4451 3708
3708 4451
4197 3709
3709 4197
4453 3710
3710 4453
4199 3711
3711 4199
4455 3712
3712 4455
4201 3713
3713 4201
4457 3714
3714 4457
4203 3715
3715 4203
4459 3716
3716 4459
4205 3717
3717 4205
4461 3718
3718 4461
4207 3719
3719 4207
4463 3720
3720 4463
4209 3721
3721 4209
4465 3722
3722 4465
4211 3723
3723 4211
4467 3724
3724 4467
4213 3725
3725 4213
4469 3726
3726 4469
4215 3727
3727 4215
4471 3728
3728 4471
4217 3729
3729 4217
4473 3730
3730 4473
4219 3731
3731 4219
4475 3732
3732 4475
4221 3733
3733 4221
4477 3734
3734 4477
4223 3735
3735 4223
4479 3736
3736 4479
4225 3737
3737 4225
4481 3738
3738 4481
4227 3739
3739 4227
4483 3740
3740 4483
4229 3741
3741 4229
4485 3742
3742 4485
4231 3743
3743 4231
4487 3744
3744 4487
4233 3745
3745 4233
4489 3746
3746 4489
4235 3747
3747 4235
4491 3748
3748 4491
4237 3749
3749 4237
4493 3750
3750 4493
4239 3751
3751 4239
4495 3752
3752 4495
4241 3753
3753 4241
4497 3754
3754 4497
4243 3755
3755 4243
4499 3756
3756 4499
4245 3757
3757 4245
4501 3758
3758 4501
4247 3759
3759 4247
4503 3760
3760 4503
4249 3761
3761 4249
4505 3762
3762 4505
4251 3763
3763 4251
4507 3764
3764 4507
4253 3765
3765 4253
4509 3766
3766 4509
4255 3767
3767 4255
4511 3768
3768 4511
4257 3769
3769 4257
4513 3770
3770 4513
4259 3771
3771 4259
4515 3772
3772 4515
4261 3773
3773 4261
4517 3774
3774 4517
4263 3775
3775 4263
4519 3776
3776 4519
4265 3777
3777 4265
4521 3778
3778 4521
4267 3779
3779 4267
4523 3780
3780 4523
4269 3781
3781 4269
4525 3782
3782 4525
4271 3783
3783 4271
4527 3784
3784 4527
4273 3785
3785 4273
4529 3786
3786 4529
4275 3787
3787 4275
4531 3788
3788 4531
4277 3789
3789 4277
4533 3790
3790 4533
4279 3791
3791 4279
4535 3792
3792 4535
4282 3794
3794 4282
4283 3825
3825 4283
4794 3826
3826 4794
4285 3827
3827 4285
4796 3828
3828 4796
4287 3829
3829 4287
4798 3830
3830 4798
4289 3831
3831 4289
4800 3832
3832 4800
4291 3833
3833 4291
4802 3834
3834 4802
4293 3835
3835 4293
4804 3836
3836 4804
4295 3837
3837 4295
4806 3838
3838 4806
4297 3839
3839 4297
4808 3840
3840 4808
4299 3841
3841 4299
4810 3842
3842 4810
4301 3843
3843 4301
4812 3844
3844 4812
4303 3845
3845 4303
4814 3846
3846 4814
4335 3847
3847 4335
4591 3848
3848 4591
4337 3849
3849 4337
4593 3850
3850 4593
4339 3851
3851 4339
4595 3852
3852 4595
4341 3853
3853 4341
4597 3854
3854 4597
4343 3855
3855 4343
4599 3856
3856 4599
4345 3857
3857 4345
4601 3858
3858 4601
4347 3859
3859 4347
4603 3860
3860 4603
4349 3861
3861 4349
4605 3862
3862 4605
4351 3863
3863 4351
4607 3864
3864 4607
4353 3865
3865 4353
4609 3866
3866 4609
4355 3867
3867 4355
4611 3868
3868 4611
4357 3869
3869 4357
4613 3870
3870 4613
4359 3871
3871 4359
4615 3872
3872 4615
4361 3873
3873 4361
4617 3874
3874 4617
4363 3875
3875 4363
4619 3876
3876 4619
4365 3877
3877 4365
4621 3878
3878 4621
4367 3879
3879 4367
4623 3880
3880 4623
4369 3881
3881 4369
4625 3882
3882 4625
4371 3883
3883 4371
4627 3884
3884 4627
4373 3885
3885 4373
4629 3886
3886 4629
4375 3887
3887 4375
4631 3888
3888 4631
4377 3889
3889 4377
4633 3890
3890 4633
4379 3891
3891 4379
4635 3892
3892 4635
4381 3893
3893 4381
4637 3894
3894 4637
4383 3895
3895 4383
4386 3898
3898 4386
4642 3899
3899 4642
4388 3900
3900 4388
4644 3901
3901 4644
4390 3902
3902 4390
4646 3903
3903 4646
4392 3904
3904 4392
4648 3905
3905 4648
4394 3906
3906 4394
4650 3907
3907 4650
4396 3908
3908 4396
4652 3909
3909 4652
4398 3910
3910 4398
4654 3911
3911 4654
4400 3912
3912 4400
4656 3913
3913 4656
4402 3914
3914 4402
4658 3915
3915 4658
4404 3916
3916 4404
4660 3917
3917 4660
4406 3918
3918 4406
4662 3919
3919 4662
4408 3920
3920 4408
4664 3921
3921 4664
4410 3922
3922 4410
4666 3923
3923 4666
4412 3924
3924 4412
4668 3925
3925 4668
4414 3926
3926 4414
4670 3927
3927 4670
4416 3928
3928 4416
4672 3929
3929 4672
4418 3930
3930 4418
4674 3931
3931 4674
4420 3932
3932 4420
4676 3933
3933 4676
4422 3934
3934 4422
4678 3935
3935 4678
4424 3936
3936 4424
4680 3937
3937 4680
4426 3938
3938 4426
4682 3939
3939 4682
4428 3940
3940 4428
4684 3941
3941 4684
4430 3942
3942 4430
4686 3943
3943 4686
4432 3944
3944 4432
4688 3945
3945 4688
4434 3946
3946 4434
4690 3947
3947 4690
4436 3948
3948 4436
4692 3949
3949 4692
4438 3950
3950 4438
4694 3951
3951 4694
4440 3952
3952 4440
4696 3953
3953 4696
4442 3954
3954 4442
4698 3955
3955 4698
4444 3956
3956 4444
4700 3957
3957 4700
4446 3958
3958 4446
4702 3959
3959 4702
4448 3960
3960 4448
4704 3961
3961 4704
4450 3962
3962 4450
4706 3963
3963 4706
4452 3964
3964 4452
4708 3965
3965 4708
4454 3966
3966 4454
4710 3967
3967 4710
4456 3968
3968 4456
4712 3969
3969 4712
4458 3970
3970 4458
4714 3971
3971 4714
4460 3972
3972 4460
4716 3973
3973 4716
4462 3974
3974 4462
4718 3975
3975 4718
4464 3976
3976 4464
4720 3977
3977 4720
4466 3978
3978 4466
4722 3979
3979 4722
4468 3980
3980 4468
4724 3981
3981 4724
4470 3982
3982 4470
4726 3983
3983 4726
4474 3985
3985 4474
4729 3986
3986 4729
4476 3987
3987 4476
4731 3988
3988 4731
4478 3989
3989 4478
4733 3990
3990 4733
4480 3991
3991 4480
4735 3992
3992 4735
4482 3993
3993 4482
4737 3994
3994 4737
4484 3995
3995 4484
4739 3996
3996 4739
4486 3997
3997 4486
4741 3998
3998 4741
4488 3999
3999 4488
4743 4000
4000 4743
4490 4001
4001 4490
4745 4002
4002 4745
4492 4003
4003 4492
4747 4004
4004 4747
4494 4005
4005 4494
4749 4006
4006 4749
4496 4007
4007 4496
4751 4008
4008 4751
4498 4009
4009 4498
4753 4010
4010 4753
4500 4011
4011 4500
4755 4012
4012 4755
4502 4013
4013 4502
4757 4014
4014 4757
4504 4015
4015 4504
4759 4016
4016 4759
4506 4017
4017 4506
4761 4018
4018 4761
4508 4019
4019 4508
4763 4020
4020 4763
4510 4021
4021 4510
4765 4022
4022 4765
4512 4023
4023 4512
4767 4024
4024 4767
4514 4025
4025 4514
4769 4026
4026 4769
4516 4027
4027 4516
4771 4028
4028 4771
4518 4029
4029 4518
4773 4030
4030 4773
4520 4031
4031 4520
4775 4032
4032 4775
4522 4033
4033 4522
4777 4034
4034 4777
4524 4035
4035 4524
4779 4036
4036 4779
4526 4037
4037 4526
4781 4038
4038 4781
4528 4039
4039 4528
4783 4040
4040 4783
4530 4041
4041 4530
4785 4042
4042 4785
4532 4043
4043 4532
4787 4044
4044 4787
4534 4045
4045 4534
4789 4046
4046 4789
4536 4047
4047 4536
4791 4048
4048 4791
4537 4049
4049 4537
4538 4080
4080 4538
5049 4081
4081 5049
4540 4082
4082 4540
5051 4083
4083 5051
4542 4084
4084 4542
5053 4085
4085 5053
4544 4086
4086 4544
5055 4087
4087 5055
4546 4088
4088 4546
5057 4089
4089 5057
4548 4090
4090 4548
5059 4091
4091 5059
4550 4092
4092 4550
5061 4093
4093 5061
4552 4094
4094 4552
5063 4095
4095 5063
4554 4096
4096 4554
5065 4097
4097 5065
4556 4098
4098 4556
5067 4099
4099 5067
4558 4100
4100 4558
5069 4101
4101 5069
4590 4102
4102 4590
4846 4103
4103 4846
4592 4104
4104 4592
4848 4105
4105 4848
4594 4106
4106 4594
4850 4107
4107 4850
4596 4108
4108 4596
4852 4109
4109 4852
4598 4110
4110 4598
4854 4111
4111 4854
4600 4112
4112 4600
4856 4113
4113 4856
4602 4114
4114 4602
4858 4115
4115 4858
4604 4116
4116 4604
4860 4117
4117 4860
4606 4118
4118 4606
4862 4119
4119 4862
4608 4120
4120 4608
4864 4121
4121 4864
4610 4122
4122 4610
4866 4123
4123 4866
4612 4124
4124 4612
4868 4125
4125 4868
4614 4126
4126 4614
4870 4127
4127 4870
4616 4128
4128 4616
4872 4129
4129 4872
4618 4130
4130 4618
4874 4131
4131 4874
4620 4132
4132 4620
4876 4133
4133 4876
4622 4134
4134 4622
4878 4135
4135 4878
4624 4136
4136 4624
4880 4137
4137 4880
4626 4138
4138 4626
4882 4139
4139 4882
4628 4140
4140 4628
4884 4141
4141 4884
4630 4142
4142 4630
4886 4143
4143 4886
4632 4144
4144 4632
4888 4145
4145 4888
4634 4146
4146 4634
4890 4147
4147 4890
4636 4148
4148 4636
4892 4149
4149 4892
4638 4150
4150 4638
4894 4151
4151 4894
4640 4152
4152 4640
4643 4154
4154 4643
4645 4156
4156 4645
4647 4158
4158 4647
4649 4160
4160 4649
4651 4162
4162 4651
4653 4164
4164 4653
4655 4166
4166 4655
4657 4168
4168 4657
4659 4170
4170 4659
4661 4172
4172 4661
4663 4174
4174 4663
4665 4176
4176 4665
4667 4178
4178 4667
4669 4180
4180 4669
4671 4182
4182 4671
4673 4184
4184 4673
4675 4186
4186 4675
4677 4188
4188 4677
4679 4190
4190 4679
4681 4192
4192 4681
4683 4194
4194 4683
4685 4196
4196 4685
4687 4198
4198 4687
4689 4200
4200 4689
4691 4202
4202 4691
4693 4204
4204 4693
4695 4206
4206 4695
4697 4208
4208 4697
4699 4210
4210 4699
4701 4212
4212 4701
4703 4214
4214 4703
4705 4216
4216 4705
4707 4218
4218 4707
4709 4220
4220 4709
4711 4222
4222 4711
4713 4224
4224 4713
4715 4226
4226 4715
4717 4228
4228 4717
4719 4230
4230 4719
4721 4232
4232 4721
4723 4234
4234 4723
4725 4236
4236 4725
4727 4238
4238 4727
4728 4240
4240 4728
4730 4242
4242 4730
4732 4244
4244 4732
4734 4246
4246 4734
4736 4248
4248 4736
4738 4250
4250 4738
4740 4252
4252 4740
4742 4254
4254 4742
4744 4256
4256 4744
4746 4258
4258 4746
4748 4260
4260 4748
4750 4262
4262 4750
4752 4264
4264 4752
4754 4266
4266 4754
4756 4268
4268 4756
4758 4270
4270 4758
4760 4272
4272 4760
4762 4274
4274 4762
4764 4276
4276 4764
4766 4278
4278 4766
4768 4280
4280 4768
5279 4281
4281 5279
4772 4284
4284 4772
4774 4286
4286 4774
4776 4288
4288 4776
4778 4290
4290 4778
4780 4292
4292 4780
4782 4294
4294 4782
4784 4296
4296 4784
4786 4298
4298 4786
4788 4300
4300 4788
4790 4302
4302 4790
4792 4304
4304 4792
4795 4336
4336 4795
4797 4338
4338 4797
4799 4340
4340 4799
4801 4342
4342 4801
4803 4344
4344 4803
4805 4346
4346 4805
4807 4348
4348 4807
4809 4350
4350 4809
4811 4352
4352 4811
4813 4354
4354 4813
5324 4356
4356 5324
4847 4358
4358 4847
4849 4360
4360 4849
4851 4362
4362 4851
4853 4364
4364 4853
4855 4366
4366 4855
4857 4368
4368 4857
4859 4370
4370 4859
4861 4372
4372 4861
4863 4374
4374 4863
4865 4376
4376 4865
4867 4378
4378 4867
4869 4380
4380 4869
4871 4382
4382 4871
4873 4384
4384 4873
5128 4385
4385 5128
4875 4387
4387 4875
4877 4389
4389 4877
4879 4391
4391 4879
4881 4393
4393 4881
4883 4395
4395 4883
4885 4397
4397 4885
4887 4399
4399 4887
4889 4401
4401 4889
4891 4403
4403 4891
4893 4405
4405 4893
4895 4407
4407 4895
4937 4449
4449 4937
4960 4472
4472 4960
5027 4539
4539 5027
5029 4541
4541 5029
5031 4543
4543 5031
5033 4545
4545 5033
5035 4547
4547 5035
5037 4549
4549 5037
5039 4551
4551 5039
5041 4553
4553 5041
5043 4555
4555 5043
5045 4557
4557 5045
5047 4559
4559 5047
5127 4639
4639 5127
5129 4641
4641 5129
5258 4770
4770 5258
5281 4793
4793 5281
5303 4845
4845 5303
5384 4896
4896 5384
5640 4897
4897 5640
5386 4898
4898 5386
5642 4899
4899 5642
5388 4900
4900 5388
5644 4901
4901 5644
5390 4902
4902 5390
5646 4903
4903 5646
5392 4904
4904 5392
5648 4905
4905 5648
5394 4906
4906 5394
5650 4907
4907 5650
5396 4908
4908 5396
5652 4909
4909 5652
5398 4910
4910 5398
5654 4911
4911 5654
5400 4912
4912 5400
5656 4913
4913 5656
5402 4914
4914 5402
5658 4915
4915 5658
5404 4916
4916 5404
5660 4917
4917 5660
5406 4918
4918 5406
5662 4919
4919 5662
5408 4920
4920 5408
5664 4921
4921 5664
5410 4922
4922 5410
5666 4923
4923 5666
5412 4924
4924 5412
5668 4925
4925 5668
5414 4926
4926 5414
5670 4927
4927 5670
5416 4928
4928 5416
5672 4929
4929 5672
5418 4930
4930 5418
5674 4931
4931 5674
5420 4932
4932 5420
5676 4933
4933 5676
5422 4934
4934 5422
5678 4935
4935 5678
5424 4936
4936 5424
5426 4938
4938 5426
5682 4939
4939 5682
5428 4940
4940 5428
5684 4941
4941 5684
5430 4942
4942 5430
5686 4943
4943 5686
5432 4944
4944 5432
5688 4945
4945 5688
5434 4946
4946 5434
5690 4947
4947 5690
5436 4948
4948 5436
5692 4949
4949 5692
5438 4950
4950 5438
5949 4951
4951 5949
5440 4952
4952 5440
5951 4953
4953 5951
5442 4954
4954 5442
5953 4955
4955 5953
5444 4956
4956 5444
5955 4957
4957 5955
5446 4958
4958 5446
5957 4959
4959 5957
5449 4961
4961 5449
5960 4962
4962 5960
5451 4963
4963 5451
5962 4964
4964 5962
5453 4965
4965 5453
5964 4966
4966 5964
5455 4967
4967 5455
5966 4968
4968 5966
5457 4969
4969 5457
5968 4970
4970 5968
5459 4971
4971 5459
5970 4972
4972 5970
5461 4973
4973 5461
5972 4974
4974 5972
5463 4975
4975 5463
5974 4976
4976 5974
5465 4977
4977 5465
5976 4978
4978 5976
5467 4979
4979 5467
5978 4980
4980 5978
5469 4981
4981 5469
5980 4982
4982 5980
5471 4983
4983 5471
5982 4984
4984 5982
5473 4985
4985 5473
5984 4986
4986 5984
5475 4987
4987 5475
5986 4988
4988 5986
5477 4989
4989 5477
5988 4990
4990 5988
5479 4991
4991 5479
5990 4992
4992 5990
5481 4993
4993 5481
5992 4994
4994 5992
5483 4995
4995 5483
5994 4996
4996 5994
5485 4997
4997 5485
5996 4998
4998 5996
5487 4999
4999 5487
5998 5000
5000 5998
5489 5001
5001 5489
6000 5002
5002 6000
5491 5003
5003 5491
6002 5004
5004 6002
5493 5005
5005 5493
6004 5006
5006 6004
5495 5007
5007 5495
6006 5008
5008 6006
5497 5009
5009 5497
6008 5010
5010 6008
5499 5011
5011 5499
6010 5012
5012 6010
5501 5013
5013 5501
6012 5014
5014 6012
5503 5015
5015 5503
6014 5016
5016 6014
5505 5017
5017 5505
6016 5018
5018 6016
5507 5019
5019 5507
6018 5020
5020 6018
5509 5021
5021 5509
6020 5022
5022 6020
5511 5023
5023 5511
6022 5024
5024 6022
5513 5025
5025 5513
6024 5026
5026 6024
5516 5028
5028 5516
5518 5030
5030 5518
5520 5032
5032 5520
5522 5034
5034 5522
5524 5036
5036 5524
5526 5038
5038 5526
5528 5040
5040 5528
5530 5042
5042 5530
5532 5044
5044 5532
5534 5046
5046 5534
5536 5048
5048 5536
5538 5050
5050 5538
5540 5052
5052 5540
5542 5054
5054 5542
5544 5056
5056 5544
5546 5058
5058 5546
5548 5060
5060 5548
5550 5062
5062 5550
5552 5064
5064 5552
5554 5066
5066 5554
5556 5068
5068 5556
5558 5100
5100 5558
6069 5101
5101 6069
5560 5102
5102 5560
6071 5103
5103 6071
5562 5104
5104 5562
6073 5105
5105 6073
5564 5106
5106 5564
6075 5107
5107 6075
5566 5108
5108 5566
6077 5109
5109 6077
5568 5110
5110 5568
6079 5111
5111 6079
5570 5112
5112 5570
6081 5113
5113 6081
5572 5114
5114 5572
6083 5115
5115 6083
5574 5116
5116 5574
6085 5117
5117 6085
5576 5118
5118 5576
6087 5119
5119 6087
5578 5120
5120 5578
6089 5121
5121 6089
5610 5122
5122 5610
5866 5123
5123 5866
5612 5124
5124 5612
5868 5125
5125 5868
5614 5126
5126 5614
5618 5130
5130 5618
5874 5131
5131 5874
5620 5132
5132 5620
5876 5133
5133 5876
5622 5134
5134 5622
5878 5135
5135 5878
5624 5136
5136 5624
5880 5137
5137 5880
5626 5138
5138 5626
5882 5139
5139 5882
5628 5140
5140 5628
5884 5141
5141 5884
5630 5142
5142 5630
5886 5143
5143 5886
5632 5144
5144 5632
5888 5145
5145 5888
5634 5146
5146 5634
5890 5147
5147 5890
5636 5148
5148 5636
5892 5149
5149 5892
5638 5150
5150 5638
5894 5151
5151 5894
5641 5152
5152 5641
5896 5153
5153 5896
5643 5154
5154 5643
5898 5155
5155 5898
5645 5156
5156 5645
5900 5157
5157 5900
5647 5158
5158 5647
5902 5159
5159 5902
5649 5160
5160 5649
5904 5161
5161 5904
5651 5162
5162 5651
5906 5163
5163 5906
5653 5164
5164 5653
5908 5165
5165 5908
5655 5166
5166 5655
5910 5167
5167 5910
5657 5168
5168 5657
5912 5169
5169 5912
5659 5170
5170 5659
5914 5171
5171 5914
5661 5172
5172 5661
5916 5173
5173 5916
5663 5174
5174 5663
6173 5175
5175 6173
5665 5176
5176 5665
6175 5177
5177 6175
5667 5178
5178 5667
6177 5179
5179 6177
5669 5180
5180 5669
6179 5181
5181 6179
5671 5182
5182 5671
6181 5183
5183 6181
5673 5184
5184 5673
6183 5185
5185 6183
5675 5186
5186 5675
6185 5187
5187 6185
5677 5188
5188 5677
6187 5189
5189 6187
5679 5190
5190 5679
6189 5191
5191 6189
5680 5192
5192 5680
6191 5193
5193 6191
5683 5194
5194 5683
6193 5195
5195 6193
5685 5196
5196 5685
6195 5197
5197 6195
5687 5198
5198 5687
6197 5199
5199 6197
5689 5200
5200 5689
6199 5201
5201 6199
5691 5202
5202 5691
6201 5203
5203 6201
5693 5204
5204 5693
6203 5205
5205 6203
5694 5206
5206 5694
6205 5207
5207 6205
5696 5208
5208 5696
6207 5209
5209 6207
5698 5210
5210 5698
6209 5211
5211 6209
5700 5212
5212 5700
6211 5213
5213 6211
5702 5214
5214 5702
6213 5215
5215 6213
5704 5216
5216 5704
6215 5217
5217 6215
5706 5218
5218 5706
6217 5219
5219 6217
5708 5220
5220 5708
6219 5221
5221 6219
5710 5222
5222 5710
6221 5223
5223 6221
5712 5224
5224 5712
6223 5225
5225 6223
5714 5226
5226 5714
6225 5227
5227 6225
5716 5228
5228 5716
6227 5229
5229 6227
5718 5230
5230 5718
6229 5231
5231 6229
5720 5232
5232 5720
6231 5233
5233 6231
5722 5234
5234 5722
6233 5235
5235 6233
5724 5236
5236 5724
6235 5237
5237 6235
5726 5238
5238 5726
6237 5239
5239 6237
5728 5240
5240 5728
6239 5241
5241 6239
5730 5242
5242 5730
6241 5243
5243 6241
5732 5244
5244 5732
6243 5245
5245 6243
5734 5246
5246 5734
6245 5247
5247 6245
5736 5248
5248 5736
6247 5249
5249 6247
5738 5250
5250 5738
6249 5251
5251 6249
5740 5252
5252 5740
6251 5253
5253 6251
5742 5254
5254 5742
6253 5255
5255 6253
5744 5256
5256 5744
6255 5257
5257 6255
5747 5259
5259 5747
6258 5260
5260 6258
5749 5261
5261 5749
6260 5262
5262 6260
5751 5263
5263 5751
6262 5264
5264 6262
5753 5265
5265 5753
6264 5266
5266 6264
5755 5267
5267 5755
6266 5268
5268 6266
5757 5269
5269 5757
6268 5270
5270 6268
5759 5271
5271 5759
6270 5272
5272 6270
5761 5273
5273 5761
6272 5274
5274 6272
5763 5275
5275 5763
6274 5276
5276 6274
5765 5277
5277 5765
6276 5278
5278 6276
5768 5280
5280 5768
5770 5282
5282 5770
6281 5283
5283 6281
5772 5284
5284 5772
6283 5285
5285 6283
5774 5286
5286 5774
6285 5287
5287 6285
5776 5288
5288 5776
6287 5289
5289 6287
5778 5290
5290 5778
6289 5291
5291 6289
5780 5292
5292 5780
6291 5293
5293 6291
5782 5294
5294 5782
6293 5295
5295 6293
5784 5296
5296 5784
6295 5297
5297 6295
5786 5298
5298 5786
6297 5299
5299 6297
5788 5300
5300 5788
6299 5301
5301 6299
5790 5302
5302 5790
5792 5304
5304 5792
6303 5305
5305 6303
5794 5306
5306 5794
6305 5307
5307 6305
5796 5308
5308 5796
6307 5309
5309 6307
5798 5310
5310 5798
6309 5311
5311 6309
5800 5312
5312 5800
6311 5313
5313 6311
5802 5314
5314 5802
6313 5315
5315 6313
5804 5316
5316 5804
6315 5317
5317 6315
5806 5318
5318 5806
6317 5319
5319 6317
5808 5320
5320 5808
6319 5321
5321 6319
5810 5322
5322 5810
6321 5323
5323 6321
5813 5355
5355 5813
6324 5356
5356 6324
5815 5357
5357 5815
6326 5358
5358 6326
5817 5359
5359 5817
6328 5360
5360 6328
5819 5361
5361 5819
6330 5362
5362 6330
5821 5363
5363 5821
6332 5364
5364 6332
5823 5365
5365 5823
6334 5366
5366 6334
5825 5367
5367 5825
6336 5368
5368 6336
5827 5369
5369 5827
6338 5370
5370 6338
5829 5371
5371 5829
6340 5372
5372 6340
5831 5373
5373 5831
6342 5374
5374 6342
5833 5375
5375 5833
6344 5376
5376 6344
5865 5377
5377 5865
6121 5378
5378 6121
5867 5379
5379 5867
6123 5380
5380 6123
5869 5381
5381 5869
6125 5382
5382 6125
5871 5383
5383 5871
5873 5385
5385 5873
5875 5387
5387 5875
5877 5389
5389 5877
5879 5391
5391 5879
5881 5393
5393 5881
5883 5395
5395 5883
5885 5397
5397 5885
5887 5399
5399 5887
5889 5401
5401 5889
5891 5403
5403 5891
5893 5405
5405 5893
5895 5407
5407 5895
5897 5409
5409 5897
5899 5411
5411 5899
5901 5413
5413 5901
5903 5415
5415 5903
5905 5417
5417 5905
5907 5419
5419 5907
5909 5421
5421 5909
5911 5423
5423 5911
5913 5425
5425 5913
5915 5427
5427 5915
5917 5429
5429 5917
5919 5431
5431 5919
5921 5433
5433 5921
5923 5435
5435 5923
5925 5437
5437 5925
5927 5439
5439 5927
5929 5441
5441 5929
5931 5443
5443 5931
5933 5445
5445 5933
5935 5447
5447 5935
6446 5448
5448 6446
5938 5450
5450 5938
5940 5452
5452 5940
5942 5454
5454 5942
5944 5456
5456 5944
5946 5458
5458 5946
5948 5460
5460 5948
5950 5462
5462 5950
5952 5464
5464 5952
5954 5466
5466 5954
5956 5468
5468 5956
5958 5470
5470 5958
5961 5472
5472 5961
5963 5474
5474 5963
5965 5476
5476 5965
5967 5478
5478 5967
5969 5480
5480 5969
5971 5482
5482 5971
5973 5484
5484 5973
5975 5486
5486 5975
5977 5488
5488 5977
5979 5490
5490 5979
5981 5492
5492 5981
5983 5494
5494 5983
5985 5496
5496 5985
5987 5498
5498 5987
5989 5500
5500 5989
5991 5502
5502 5991
5993 5504
5504 5993
5995 5506
5506 5995
5997 5508
5508 5997
5999 5510
5510 5999
6001 5512
5512 6001
6003 5514
5514 6003
6513 5515
5515 6513
6005 5517
5517 6005
6007 5519
5519 6007
6009 5521
5521 6009
6011 5523
5523 6011
6013 5525
5525 6013
6015 5527
5527 6015
6017 5529
5529 6017
6019 5531
5531 6019
6021 5533
5533 6021
6023 5535
5535 6023
6025 5537
5537 6025
6027 5539
5539 6027
6029 5541
5541 6029
6031 5543
5543 6031
6033 5545
5545 6033
6035 5547
5547 6035
6037 5549
5549 6037
6039 5551
5551 6039
6041 5553
5553 6041
6043 5555
5555 6043
6045 5557
5557 6045
6047 5559
5559 6047
6049 5561
5561 6049
6051 5563
5563 6051
6053 5565
5565 6053
6055 5567
5567 6055
6057 5569
5569 6057
6059 5571
5571 6059
6061 5573
5573 6061
6063 5575
5575 6063
6065 5577
5577 6065
6067 5579
5579 6067
6070 5611
5611 6070
6072 5613
5613 6072
6074 5615
5615 6074
6584 5616
5616 6584
6076 5617
5617 6076
6078 5619
5619 6078
6080 5621
5621 6080
6082 5623
5623 6082
6084 5625
5625 6084
6086 5627
5627 6086
6088 5629
5629 6088
6599 5631
5631 6599
6122 5633
5633 6122
6124 5635
5635 6124
6126 5637
5637 6126
6127 5639
5639 6127
6169 5681
5681 6169
6184 5695
5695 6184
6186 5697
5697 6186
6188 5699
5699 6188
6190 5701
5701 6190
6192 5703
5703 6192
6194 5705
5705 6194
6196 5707
5707 6196
6198 5709
5709 6198
6200 5711
5711 6200
6202 5713
5713 6202
6204 5715
5715 6204
6206 5717
5717 6206
6208 5719
5719 6208
6210 5721
5721 6210
6212 5723
5723 6212
6214 5725
5725 6214
6216 5727
5727 6216
6218 5729
5729 6218
6220 5731
5731 6220
6222 5733
5733 6222
6224 5735
5735 6224
6226 5737
5737 6226
6228 5739
5739 6228
6230 5741
5741 6230
6232 5743
5743 6232
6234 5745
5745 6234
6744 5746
5746 6744
6236 5748
5748 6236
6238 5750
5750 6238
6240 5752
5752 6240
6242 5754
5754 6242
6244 5756
5756 6244
6246 5758
5758 6246
6248 5760
5760 6248
6250 5762
5762 6250
6252 5764
5764 6252
6254 5766
5766 6254
6765 5767
5767 6765
6257 5769
5769 6257
6259 5771
5771 6259
6261 5773
5773 6261
6263 5775
5775 6263
6265 5777
5777 6265
6267 5779
5779 6267
6269 5781
5781 6269
6271 5783
5783 6271
6273 5785
5785 6273
6275 5787
5787 6275
6277 5789
5789 6277
6279 5791
5791 6279
6282 5793
5793 6282
6284 5795
5795 6284
6286 5797
5797 6286
6288 5799
5799 6288
6290 5801
5801 6290
6292 5803
5803 6292
6294 5805
5805 6294
6296 5807
5807 6296
6298 5809
5809 6298
6300 5811
5811 6300
6810 5812
5812 6810
6302 5814
5814 6302
6304 5816
5816 6304
6306 5818
5818 6306
6308 5820
5820 6308
6310 5822
5822 6310
6312 5824
5824 6312
6314 5826
5826 6314
6316 5828
5828 6316
6318 5830
5830 6318
6320 5832
5832 6320
6322 5834
5834 6322
6329 5870
5870 6329
6331 5872
5872 6331
6406 5918
5918 6406
6408 5920
5920 6408
6410 5922
5922 6410
6412 5924
5924 6412
6414 5926
5926 6414
6416 5928
5928 6416
6418 5930
5930 6418
6420 5932
5932 6420
6422 5934
5934 6422
6424 5936
5936 6424
6935 5937
5937 6935
6427 5939
5939 6427
6429 5941
5941 6429
6431 5943
5943 6431
6433 5945
5945 6433
6435 5947
5947 6435
6447 5959
5959 6447
6514 6026
6026 6514
6516 6028
6028 6516
6518 6030
6030 6518
6520 6032
6032 6520
6522 6034
6034 6522
6524 6036
6036 6524
6526 6038
6038 6526
6528 6040
6040 6528
6530 6042
6042 6530
6532 6044
6044 6532
6534 6046
6046 6534
6536 6048
6048 6536
6538 6050
6050 6538
6540 6052
6052 6540
6542 6054
6054 6542
6544 6056
6056 6544
6546 6058
6058 6546
6548 6060
6060 6548
6550 6062
6062 6550
6552 6064
6064 6552
6554 6066
6066 6554
6556 6068
6068 6556
6578 6120
6120 6578
6586 6128
6128 6586
6842 6129
6129 6842
6588 6130
6130 6588
6844 6131
6131 6844
6590 6132
6132 6590
6846 6133
6133 6846
6592 6134
6134 6592
6848 6135
6135 6848
6594 6136
6136 6594
6850 6137
6137 6850
6596 6138
6138 6596
6852 6139
6139 6852
6598 6140
6140 6598
6854 6141
6141 6854
7140 6142
6142 7140
6631 6143
6143 6631
7142 6144
6144 7142
6633 6145
6145 6633
7144 6146
6146 7144
6635 6147
6147 6635
7146 6148
6148 7146
6637 6149
6149 6637
7148 6150
6150 7148
6639 6151
6151 6639
7150 6152
6152 7150
6641 6153
6153 6641
7152 6154
6154 7152
6643 6155
6155 6643
7154 6156
6156 7154
6645 6157
6157 6645
7156 6158
6158 7156
6647 6159
6159 6647
7158 6160
6160 7158
6649 6161
6161 6649
7160 6162
6162 7160
6651 6163
6163 6651
7162 6164
6164 7162
6653 6165
6165 6653
7164 6166
6166 7164
6655 6167
6167 6655
7166 6168
6168 7166
6658 6170
6170 6658
7169 6171
6171 7169
6660 6172
6172 6660
6662 6174
6174 6662
6664 6176
6176 6664
6666 6178
6178 6666
6668 6180
6180 6668
6670 6182
6182 6670
6745 6256
6256 6745
6766 6278
6278 6766
6768 6280
6280 6768
6789 6301
6301 6789
6811 6323
6323 6811
6813 6325
6325 6813
6815 6327
6327 6815
6821 6333
6333 6821
6823 6335
6335 6823
6825 6337
6337 6825
6827 6339
6339 6827
6829 6341
6341 6829
6831 6343
6343 6831
6833 6375
6375 6833
7089 6376
6376 7089
6835 6377
6377 6835
7091 6378
6378 7091
6837 6379
6379 6837
7093 6380
6380 7093
6839 6381
6381 6839
7095 6382
6382 7095
6841 6383
6383 6841
7097 6384
6384 7097
6843 6385
6385 6843
7099 6386
6386 7099
6845 6387
6387 6845
7101 6388
6388 7101
6847 6389
6389 6847
7103 6390
6390 7103
6849 6391
6391 6849
7105 6392
6392 7105
6851 6393
6393 6851
7107 6394
6394 7107
6853 6395
6395 6853
7109 6396
6396 7109
7395 6397
6397 7395
6886 6398
6398 6886
7397 6399
6399 7397
6888 6400
6400 6888
7399 6401
6401 7399
6890 6402
6402 6890
7401 6403
6403 7401
6892 6404
6404 6892
7403 6405
6405 7403
6895 6407
6407 6895
6897 6409
6409 6897
6899 6411
6411 6899
6901 6413
6413 6901
6903 6415
6415 6903
6905 6417
6417 6905
6907 6419
6419 6907
6909 6421
6421 6909
6911 6423
6423 6911
6913 6425
6425 6913
7424 6426
6426 7424
6916 6428
6428 6916
6918 6430
6430 6918
6920 6432
6432 6920
6922 6434
6434 6922
6924 6436
6436 6924
7435 6437
6437 7435
6926 6438
6438 6926
7437 6439
6439 7437
6928 6440
6440 6928
7439 6441
6441 7439
6930 6442
6442 6930
7441 6443
6443 7441
6932 6444
6444 6932
7443 6445
6445 7443
6936 6448
6448 6936
7447 6449
6449 7447
6938 6450
6450 6938
7449 6451
6451 7449
6940 6452
6452 6940
7451 6453
6453 7451
6942 6454
6454 6942
7453 6455
6455 7453
6944 6456
6456 6944
7455 6457
6457 7455
6946 6458
6458 6946
7457 6459
6459 7457
6948 6460
6460 6948
7459 6461
6461 7459
6950 6462
6462 6950
7461 6463
6463 7461
6952 6464
6464 6952
7463 6465
6465 7463
6954 6466
6466 6954
7465 6467
6467 7465
6956 6468
6468 6956
7467 6469
6469 7467
6958 6470
6470 6958
7469 6471
6471 7469
6960 6472
6472 6960
7471 6473
6473 7471
6962 6474
6474 6962
7473 6475
6475 7473
6964 6476
6476 6964
7475 6477
6477 7475
6966 6478
6478 6966
7477 6479
6479 7477
6968 6480
6480 6968
7479 6481
6481 7479
6970 6482
6482 6970
7481 6483
6483 7481
6972 6484
6484 6972
7483 6485
6485 7483
6974 6486
6486 6974
7485 6487
6487 7485
6976 6488
6488 6976
7487 6489
6489 7487
6978 6490
6490 6978
7489 6491
6491 7489
6980 6492
6492 6980
7491 6493
6493 7491
6982 6494
6494 6982
7493 6495
6495 7493
6984 6496
6496 6984
7495 6497
6497 7495
6986 6498
6498 6986
7497 6499
6499 7497
6988 6500
6500 6988
7499 6501
6501 7499
6990 6502
6502 6990
7501 6503
6503 7501
6992 6504
6504 6992
7503 6505
6505 7503
6994 6506
6506 6994
7505 6507
6507 7505
6996 6508
6508 6996
7507 6509
6509 7507
6998 6510
6510 6998
7509 6511
6511 7509
7000 6512
6512 7000
7003 6515
6515 7003
7005 6517
6517 7005
7007 6519
6519 7007
7009 6521
6521 7009
7011 6523
6523 7011
7013 6525
6525 7013
7015 6527
6527 7015
7017 6529
6529 7017
7019 6531
6531 7019
7021 6533
6533 7021
7023 6535
6535 7023
7025 6537
6537 7025
7027 6539
6539 7027
7029 6541
6541 7029
7031 6543
6543 7031
7033 6545
6545 7033
7035 6547
6547 7035
7037 6549
6549 7037
7039 6551
6551 7039
7041 6553
6553 7041
7043 6555
6555 7043
7045 6557
6557 7045
7301 6558
6558 7301
7047 6559
6559 7047
7303 6560
6560 7303
7049 6561
6561 7049
7305 6562
6562 7305
7051 6563
6563 7051
7307 6564
6564 7307
7053 6565
6565 7053
7309 6566
6566 7309
7055 6567
6567 7055
7311 6568
6568 7311
7057 6569
6569 7057
7313 6570
6570 7313
7059 6571
6571 7059
7315 6572
6572 7315
7061 6573
6573 7061
7317 6574
6574 7317
7063 6575
6575 7063
7319 6576
6576 7319
7065 6577
6577 7065
7067 6579
6579 7067
7323 6580
6580 7323
7069 6581
6581 7069
7325 6582
6582 7325
7071 6583
6583 7071
7073 6585
6585 7073
7075 6587
6587 7075
7077 6589
6589 7077
7079 6591
6591 7079
7081 6593
6593 7081
7083 6595
6595 7083
7085 6597
6597 7085
7088 6630
6630 7088
7090 6632
6632 7090
7092 6634
6634 7092
7094 6636
6636 7094
7096 6638
6638 7096
7098 6640
6640 7098
7100 6642
6642 7100
7102 6644
6644 7102
7104 6646
6646 7104
7106 6648
6648 7106
7108 6650
6650 7108
7141 6652
6652 7141
7143 6654
6654 7143
7145 6656
6656 7145
6750 6657
6657 6750
7147 6659
6659 7147
7149 6661
6661 7149
7151 6663
6663 7151
7153 6665
6665 7153
7155 6667
6667 7155
7157 6669
6669 7157
7159 6671
6671 7159
6751 6672
6672 6751
7161 6673
6673 7161
6752 6674
6674 6752
7163 6675
6675 7163
6753 6676
6676 6753
7165 6677
6677 7165
6754 6678
6678 6754
7167 6679
6679 7167
6755 6680
6680 6755
7170 6681
6681 7170
6756 6682
6682 6756
7171 6683
6683 7171
6757 6684
6684 6757
7173 6685
6685 7173
6758 6686
6686 6758
7175 6687
6687 7175
6759 6688
6688 6759
7177 6689
6689 7177
6760 6690
6690 6760
7179 6691
6691 7179
6761 6692
6692 6761
7181 6693
6693 7181
6762 6694
6694 6762
7183 6695
6695 7183
6763 6696
6696 6763
7185 6697
6697 7185
6764 6698
6698 6764
7187 6699
6699 7187
6767 6700
6700 6767
7189 6701
6701 7189
6769 6702
6702 6769
7191 6703
6703 7191
6770 6704
6704 6770
7193 6705
6705 7193
6771 6706
6706 6771
7195 6707
6707 7195
6772 6708
6708 6772
7197 6709
6709 7197
6773 6710
6710 6773
7199 6711
6711 7199
6774 6712
6712 6774
7201 6713
6713 7201
6775 6714
6714 6775
7203 6715
6715 7203
6776 6716
6716 6776
7205 6717
6717 7205
6777 6718
6718 6777
7207 6719
6719 7207
6778 6720
6720 6778
7209 6721
6721 7209
6779 6722
6722 6779
7211 6723
6723 7211
6780 6724
6724 6780
7213 6725
6725 7213
6781 6726
6726 6781
7215 6727
6727 7215
6782 6728
6728 6782
7217 6729
6729 7217
6783 6730
6730 6783
7219 6731
6731 7219
6784 6732
6732 6784
7221 6733
6733 7221
6785 6734
6734 6785
7223 6735
6735 7223
6786 6736
6736 6786
7225 6737
6737 7225
6787 6738
6738 6787
7227 6739
6739 7227
6788 6740
6740 6788
7229 6741
6741 7229
6790 6742
6742 6790
7231 6743
6743 7231
7234 6746
6746 7234
6791 6747
6747 6791
7236 6748
6748 7236
6792 6749
6749 6792
7281 6793
6793 7281
7537 6794
6794 7537
7283 6795
6795 7283
7539 6796
6796 7539
7285 6797
6797 7285
7541 6798
6798 7541
7287 6799
6799 7287
7543 6800
6800 7543
7289 6801
6801 7289
7545 6802
6802 7545
7291 6803
6803 7291
7547 6804
6804 7547
7293 6805
6805 7293
7549 6806
6806 7549
7295 6807
6807 7295
7551 6808
6808 7551
7297 6809
6809 7297
7300 6812
6812 7300
7302 6814
6814 7302
7304 6816
6816 7304
7560 6817
6817 7560
7306 6818
6818 7306
7562 6819
6819 7562
7308 6820
6820 7308
7310 6822
6822 7310
7312 6824
6824 7312
7314 6826
6826 7314
7316 6828
6828 7316
7318 6830
6830 7318
7320 6832
6832 7320
7322 6834
6834 7322
7324 6836
6836 7324
7326 6838
6838 7326
7328 6840
6840 7328
7343 6885
6885 7343
7345 6887
6887 7345
7347 6889
6889 7347
7349 6891
6891 7349
7351 6893
6893 7351
7607 6894
6894 7607
7354 6896
6896 7354
7356 6898
6898 7356
7358 6900
6900 7358
7360 6902
6902 7360
7362 6904
6904 7362
7364 6906
6906 7364
7396 6908
6908 7396
7398 6910
6910 7398
7400 6912
6912 7400
7402 6914
6914 7402
6975 6915
6915 6975
7405 6917
6917 7405
7407 6919
6919 7407
7409 6921
6921 7409
7411 6923
6923 7411
7413 6925
6925 7413
7415 6927
6927 7415
7417 6929
6929 7417
7419 6931
6931 7419
7421 6933
6933 7421
6977 6934
6934 6977
7425 6937
6937 7425
7427 6939
6939 7427
7429 6941
6941 7429
7431 6943
6943 7431
7433 6945
6945 7433
7436 6947
6947 7436
7438 6949
6949 7438
7440 6951
6951 7440
7442 6953
6953 7442
7444 6955
6955 7444
7445 6957
6957 7445
7448 6959
6959 7448
7450 6961
6961 7450
7452 6963
6963 7452
7454 6965
6965 7454
7456 6967
6967 7456
7458 6969
6969 7458
7460 6971
6971 7460
7462 6973
6973 7462
7468 6979
6979 7468
7470 6981
6981 7470
7472 6983
6983 7472
7474 6985
6985 7474
7476 6987
6987 7476
7478 6989
6989 7478
7480 6991
6991 7480
7482 6993
6993 7482
7484 6995
6995 7484
7486 6997
6997 7486
7488 6999
6999 7488
7490 7001
7001 7490
7235 7002
7002 7235
7492 7004
7004 7492
7494 7006
7006 7494
7496 7008
7008 7496
7498 7010
7010 7498
7500 7012
7012 7500
7502 7014
7014 7502
7504 7016
7016 7504
7506 7018
7018 7506
7508 7020
7020 7508
7510 7022
7022 7510
7512 7024
7024 7512
7514 7026
7026 7514
7516 7028
7028 7516
7518 7030
7030 7518
7520 7032
7032 7520
7522 7034
7034 7522
7524 7036
7036 7524
7526 7038
7038 7526
7528 7040
7040 7528
7530 7042
7042 7530
7532 7044
7044 7532
7534 7046
7046 7534
7536 7048
7048 7536
7538 7050
7050 7538
7540 7052
7052 7540
7542 7054
7054 7542
7544 7056
7056 7544
7546 7058
7058 7546
7548 7060
7060 7548
7550 7062
7062 7550
7552 7064
7064 7552
7554 7066
7066 7554
7556 7068
7068 7556
7558 7070
7070 7558
7561 7072
7072 7561
7563 7074
7074 7563
7564 7076
7076 7564
7566 7078
7078 7566
7568 7080
7080 7568
7570 7082
7082 7570
7572 7084
7084 7572
7574 7086
7086 7574
7321 7087
7087 7321
7200 7168
7168 7200
7202 7172
7172 7202
7204 7174
7174 7204
7206 7176
7176 7206
7208 7178
7178 7208
7210 7180
7180 7210
7212 7182
7182 7212
7214 7184
7184 7214
7216 7186
7186 7216
7218 7188
7188 7218
7220 7190
7190 7220
7222 7192
7192 7222
7224 7194
7194 7224
7226 7196
7196 7226
7228 7198
7198 7228
7464 7230
7230 7464
7466 7232
7232 7466
7511 7233
7233 7511
7513 7237
7237 7513
7515 7238
7238 7515
7517 7239
7239 7517
7519 7240
7240 7519
7521 7241
7241 7521
7523 7242
7242 7523
7525 7243
7243 7525
7527 7244
7244 7527
7529 7245
7245 7529
7531 7246
7246 7531
7533 7247
7247 7533
7535 7248
7248 7535
7553 7249
7249 7553
7555 7250
7250 7555
7557 7251
7251 7557
7559 7252
7252 7559
7565 7253
7253 7565
7567 7254
7254 7567
7569 7255
7255 7569
7571 7256
7256 7571
7573 7257
7257 7573
7575 7258
7258 7575
7576 7259
7259 7576
7577 7260
7260 7577
7578 7261
7261 7578
7579 7262
7262 7579
7580 7263
7263 7580
7581 7264
7264 7581
7582 7265
7265 7582
7583 7266
7266 7583
7584 7267
7267 7584
7585 7268
7268 7585
7586 7269
7269 7586
7587 7270
7270 7587
7588 7271
7271 7588
7589 7272
7272 7589
7590 7273
7273 7590
7591 7274
7274 7591
7592 7275
7275 7592
7593 7276
7276 7593
7594 7277
7277 7594
7595 7278
7278 7595
7596 7279
7279 7596
7597 7280
7280 7597
7598 7282
7282 7598
7599 7284
7284 7599
7600 7286
7286 7600
7601 7288
7288 7601
7602 7290
7290 7602
7603 7292
7292 7603
7604 7294
7294 7604
7605 7296
7296 7605
7606 7298
7298 7606
7608 7299
7299 7608
7609 7327
7327 7609
7610 7329
7329 7610
7611 7330
7330 7611
7612 7331
7331 7612
7613 7332
7332 7613
7614 7333
7333 7614
7615 7334
7334 7615
7616 7335
7335 7616
7617 7336
7336 7617
7618 7337
7337 7618
7619 7338
7338 7619
7426 7418
7418 7426
7428 7420
7420 7428
7430 7422
7422 7430
7432 7423
7423 7432
7339 7434
7434 7339
7340 7446
7446 7340
