k = 8
35 0
0 35
60 1
1 60
37 2
2 37
62 3
3 62
39 4
4 39
48 5
5 48
73 6
6 73
50 7
7 50
75 8
8 75
52 9
9 52
77 10
10 77
54 11
11 54
79 12
12 79
56 13
13 56
81 14
14 81
58 15
15 58
59 24
24 59
84 25
25 84
61 26
26 61
86 27
27 86
63 28
28 63
72 29
29 72
97 30
30 97
74 31
31 74
99 32
32 99
76 33
33 76
101 34
34 101
80 36
36 80
82 38
38 82
85 49
49 85
87 51
51 87
96 53
53 96
98 55
55 98
100 57
57 100
121 78
78 121
126 83
83 126
145 102
102 145
170 103
103 170
147 104
104 147
172 105
105 172
149 106
106 149
174 107
107 174
151 108
108 151
176 109
109 176
153 110
110 153
178 111
111 178
155 120
120 155
157 122
122 157
135 123
123 135
159 124
124 159
168 125
125 168
171 127
127 171
148 128
128 148
173 129
129 173
150 130
130 150
175 131
131 175
152 132
132 152
177 133
133 177
154 134
134 154
179 144
144 179
181 146
146 181
180 156
156 180
182 158
158 182
183 169
169 183
